----------------------------------------------------------------
isp: [[1, 0, 0, 0, 0], [0, 1, 0], [0, 2, 0, 0, 0], [0, 0, 5], [0, 0, 2], [0, 3], [1, 2, 0]]
tc: [[0, 0, 0, 0, 0], [0, 0, 0], [0, 0, 0, 0, 0], [0, 0, 2], [0, 0, 1], [0, 1], [0, 1, 0]]
score: 2.1011
----------------------------------------------------------------
isp: [[1, 0, 0, 0, 0], [0, 1, 0], [0, 2, 0, 0, 0], [0, 0, 5], [0, 0, 2], [0, 3], [1, 2, 0]]
tc: [[0, 0, 0, 0, 0], [0, 0, 0], [0, 0, 0, 0, 0], [0, 0, 2], [0, 0, 1], [0, 1], [0, 1, 0]]
score: 2.1011
----------------------------------------------------------------
isp: [[1, 0, 0, 0, 0], [0, 1, 0], [0, 2, 0, 0, 0], [0, 0, 5], [0, 0, 2], [0, 3], [1, 2, 0]]
tc: [[0, 0, 0, 0, 0], [0, 0, 0], [0, 0, 0, 0, 0], [0, 0, 1], [0, 0, 1], [0, 1], [0, 1, 0]]
score: 2.101
----------------------------------------------------------------
isp: [[1, 0, 0, 0, 0], [0, 1, 0], [0, 2, 0, 0, 0], [0, 0, 5], [0, 0, 2], [0, 3], [1, 2, 0]]
tc: [[0, 0, 0, 0, 0], [0, 0, 0], [0, 0, 0, 0, 0], [0, 0, 2], [0, 0, 2], [0, 1], [0, 1, 0]]
score: 2.2010999
----------------------------------------------------------------
isp: [[1, 0, 0, 0, 0], [0, 1, 0], [0, 2, 0, 0, 0], [0, 0, 5], [0, 0, 2], [0, 3], [1, 2, 0]]
tc: [[0, 0, 0, 0, 0], [0, 0, 0], [0, 0, 0, 0, 0], [0, 0, 1], [0, 0, 1], [0, 1], [0, 1, 0]]
score: 2.101
----------------------------------------------------------------
isp: [[1, 0, 0, 0, 0], [0, 1, 0], [0, 2, 0, 0, 0], [0, 0, 5], [0, 0, 2], [0, 3], [1, 2, 0]]
tc: [[0, 0, 0, 0, 0], [0, 0, 0], [0, 0, 0, 0, 0], [0, 0, 2], [0, 0, 0], [1, 0], [0, 1, 0]]
score: 101.0011
----------------------------------------------------------------
isp: [[1, 0, 0, 0, 0], [0, 1, 0], [0, 2, 0, 0, 0], [0, 0, 5], [0, 0, 2], [0, 3], [1, 2, 0]]
tc: [[0, 0, 0, 0, 0], [0, 0, 0], [0, 1, 0, 0, 0], [0, 0, 4], [0, 0, 1], [0, 1], [1, 0, 0]]
score: 12.10111
----------------------------------------------------------------
isp: [[1, 0, 0, 0, 0], [0, 1, 0], [0, 2, 0, 0, 0], [0, 0, 5], [0, 0, 2], [0, 3], [1, 2, 0]]
tc: [[0, 0, 0, 0, 0], [0, 0, 0], [0, 0, 0, 0, 0], [0, 0, 3], [0, 0, 1], [1, 0], [1, 0, 0]]
score: 111.00111
----------------------------------------------------------------
isp: [[1, 0, 0, 0, 0], [0, 1, 0], [0, 2, 0, 0, 0], [0, 0, 5], [0, 0, 2], [0, 3], [1, 2, 0]]
tc: [[0, 0, 0, 0, 0], [0, 0, 0], [0, 0, 0, 0, 0], [0, 0, 1], [0, 0, 1], [0, 1], [0, 0, 1]]
score: 101.101
----------------------------------------------------------------
isp: [[1, 0, 0, 0, 0], [0, 1, 0], [0, 2, 0, 0, 0], [0, 0, 5], [0, 0, 2], [0, 3], [1, 2, 0]]
tc: [[0, 0, 0, 0, 0], [0, 0, 0], [1, 0, 0, 0, 0], [0, 0, 1], [0, 0, 1], [0, 1], [0, 1, 0]]
score: 102.101

