----------------------------------------------------------------
isp: [[0, 0, 0, 0, 0], [0, 0, 0], [2, 0, 0, 0, 0], [0, 0, 1], [0, 0, 1], [0, 1], [0, 1, 0]]
tc: [[0, 0, 0, 0, 0], [0, 0, 0], [0, 0, 0, 0, 0], [0, 0, 2], [0, 0, 1], [0, 1], [0, 0, 1]]
score: 131.0
----------------------------------------------------------------
isp: [[0, 0, 0, 0, 0], [0, 0, 0], [2, 0, 0, 0, 0], [0, 0, 1], [0, 0, 1], [0, 1], [0, 1, 0]]
tc: [[0, 0, 0, 0, 0], [0, 0, 0], [0, 0, 0, 0, 0], [0, 0, 1], [0, 0, 0], [0, 1], [0, 1, 0]]
score: 30.0
----------------------------------------------------------------
isp: [[0, 0, 0, 0, 0], [0, 0, 0], [2, 0, 0, 0, 0], [0, 0, 1], [0, 0, 1], [0, 1], [0, 1, 0]]
tc: [[0, 1, 0, 0, 0], [0, 0, 1], [0, 0, 1, 0, 0], [0, 1, 3], [0, 0, 2], [0, 1], [0, 1, 0]]
score: 442.1
----------------------------------------------------------------
isp: [[0, 0, 0, 0, 0], [0, 0, 0], [2, 0, 0, 0, 0], [0, 0, 1], [0, 0, 1], [0, 1], [0, 1, 0]]
tc: [[0, 0, 0, 0, 0], [0, 0, 0], [0, 0, 0, 0, 0], [0, 0, 0], [0, 0, 0], [0, 1], [0, 1, 0]]
score: 20.0
----------------------------------------------------------------
isp: [[0, 0, 0, 0, 0], [0, 0, 0], [2, 0, 0, 0, 0], [0, 0, 1], [0, 0, 1], [0, 1], [0, 1, 0]]
tc: [[0, 0, 0, 0, 0], [0, 0, 0], [0, 0, 0, 0, 0], [0, 0, 4], [0, 0, 2], [0, 1], [0, 1, 0]]
score: 42.11
----------------------------------------------------------------
isp: [[0, 0, 0, 0, 0], [0, 0, 0], [2, 0, 0, 0, 0], [0, 0, 1], [0, 0, 1], [0, 1], [0, 1, 0]]
tc: [[0, 0, 0, 0, 0], [0, 0, 0], [0, 0, 0, 0, 0], [0, 0, 1], [0, 0, 0], [0, 1], [0, 1, 0]]
score: 30.0
----------------------------------------------------------------
isp: [[0, 0, 0, 0, 0], [0, 0, 0], [2, 0, 0, 0, 0], [0, 0, 1], [0, 0, 1], [0, 1], [0, 1, 0]]
tc: [[0, 0, 0, 0, 0], [0, 0, 0], [0, 0, 0, 0, 0], [0, 0, 0], [0, 0, 0], [0, 1], [0, 1, 0]]
score: 20.0
----------------------------------------------------------------
isp: [[0, 0, 0, 0, 0], [0, 0, 0], [2, 0, 0, 0, 0], [0, 0, 1], [0, 0, 1], [0, 1], [0, 1, 0]]
tc: [[0, 0, 0, 0, 0], [0, 0, 0], [0, 0, 0, 0, 0], [0, 0, 0], [0, 0, 0], [0, 1], [0, 1, 0]]
score: 20.0
----------------------------------------------------------------
isp: [[0, 0, 0, 0, 0], [0, 0, 0], [2, 0, 0, 0, 0], [0, 0, 1], [0, 0, 1], [0, 1], [0, 1, 0]]
tc: [[0, 0, 0, 0, 0], [0, 0, 0], [0, 2, 0, 0, 0], [0, 0, 2], [0, 0, 0], [0, 1], [0, 1, 0]]
score: 141.0
----------------------------------------------------------------
isp: [[0, 0, 0, 0, 0], [0, 0, 0], [2, 0, 0, 0, 0], [0, 0, 1], [0, 0, 1], [0, 1], [0, 1, 0]]
tc: [[0, 0, 0, 0, 0], [0, 0, 0], [0, 2, 0, 0, 0], [0, 0, 1], [0, 0, 1], [0, 1], [0, 1, 0]]
score: 150.0

