----------------------------------------------------------------
isp: [[0, 1, 0, 0, 0], [0, 0, 1], [2, 0, 1, 0, 0], [0, 1, 4], [0, 0, 3], [0, 2], [0, 2, 0]]
tc: [[0, 1, 0, 0, 0], [0, 0, 1], [1, 1, 0, 0, 0], [0, 0, 6], [0, 0, 1], [1, 0], [1, 0, 0]]
score: 321.1111
----------------------------------------------------------------
isp: [[0, 1, 0, 0, 0], [0, 0, 1], [2, 0, 1, 0, 0], [0, 1, 4], [0, 0, 3], [0, 2], [0, 2, 0]]
tc: [[0, 0, 0, 0, 0], [0, 0, 0], [0, 0, 0, 0, 0], [0, 0, 2], [0, 0, 0], [0, 1], [0, 1, 0]]
score: 2.0110002
----------------------------------------------------------------
isp: [[0, 1, 0, 0, 0], [0, 0, 1], [2, 0, 1, 0, 0], [0, 1, 4], [0, 0, 3], [0, 2], [0, 2, 0]]
tc: [[0, 0, 0, 0, 0], [0, 0, 0], [0, 0, 0, 0, 0], [0, 0, 0], [0, 0, 0], [0, 1], [0, 1, 0]]
score: 2.0
----------------------------------------------------------------
isp: [[0, 1, 0, 0, 0], [0, 0, 1], [2, 0, 1, 0, 0], [0, 1, 4], [0, 0, 3], [0, 2], [0, 2, 0]]
tc: [[0, 0, 0, 0, 0], [0, 0, 0], [0, 0, 0, 0, 0], [0, 0, 0], [0, 0, 0], [0, 1], [0, 1, 0]]
score: 2.0
----------------------------------------------------------------
isp: [[0, 1, 0, 0, 0], [0, 0, 1], [2, 0, 1, 0, 0], [0, 1, 4], [0, 0, 3], [0, 2], [0, 2, 0]]
tc: [[0, 0, 0, 0, 0], [0, 0, 0], [0, 0, 0, 0, 0], [0, 0, 0], [0, 0, 0], [0, 1], [0, 1, 0]]
score: 2.0
----------------------------------------------------------------
isp: [[0, 1, 0, 0, 0], [0, 0, 1], [2, 0, 1, 0, 0], [0, 1, 4], [0, 0, 3], [0, 2], [0, 2, 0]]
tc: [[0, 0, 0, 0, 0], [0, 0, 0], [0, 0, 0, 0, 0], [0, 0, 1], [0, 0, 0], [0, 1], [0, 1, 0]]
score: 2.01
----------------------------------------------------------------
isp: [[0, 1, 0, 0, 0], [0, 0, 1], [2, 0, 1, 0, 0], [0, 1, 4], [0, 0, 3], [0, 2], [0, 2, 0]]
tc: [[0, 0, 0, 0, 0], [0, 0, 0], [1, 2, 0, 0, 0], [0, 0, 1], [0, 0, 1], [0, 1], [0, 1, 0]]
score: 113.11
----------------------------------------------------------------
isp: [[0, 1, 0, 0, 0], [0, 0, 1], [2, 0, 1, 0, 0], [0, 1, 4], [0, 0, 3], [0, 2], [0, 2, 0]]
tc: [[0, 0, 0, 0, 0], [0, 0, 0], [0, 1, 0, 0, 0], [0, 0, 1], [0, 0, 1], [0, 1], [0, 1, 0]]
score: 102.11
----------------------------------------------------------------
isp: [[0, 1, 0, 0, 0], [0, 0, 1], [2, 0, 1, 0, 0], [0, 1, 4], [0, 0, 3], [0, 2], [0, 2, 0]]
tc: [[0, 0, 0, 0, 0], [0, 0, 0], [0, 0, 0, 0, 0], [0, 0, 1], [0, 0, 1], [0, 1], [0, 1, 0]]
score: 2.1100001
----------------------------------------------------------------
isp: [[0, 1, 0, 0, 0], [0, 0, 1], [2, 0, 1, 0, 0], [0, 1, 4], [0, 0, 3], [0, 2], [0, 2, 0]]
tc: [[0, 0, 0, 0, 0], [0, 0, 0], [0, 0, 0, 0, 0], [0, 0, 1], [0, 0, 0], [0, 1], [0, 1, 0]]
score: 2.01

