----------------------------------------------------------------
isp: [[0, 0, 0, 0, 2], [0, 2, 0], [1, 3, 0, 0, 0], [0, 0, 6], [1, 1, 3], [0, 3], [0, 2, 1]]
tc: [[0, 0, 0, 0, 0], [0, 0, 0], [0, 0, 0, 0, 0], [0, 0, 1], [0, 0, 1], [0, 1], [0, 1, 0]]
score: 1.2001
----------------------------------------------------------------
isp: [[0, 0, 0, 0, 2], [0, 2, 0], [1, 3, 0, 0, 0], [0, 0, 6], [1, 1, 3], [0, 3], [0, 2, 1]]
tc: [[0, 0, 0, 0, 0], [0, 0, 0], [0, 1, 0, 0, 0], [0, 0, 2], [0, 0, 1], [0, 1], [0, 1, 0]]
score: 1.30011
----------------------------------------------------------------
isp: [[0, 0, 0, 0, 2], [0, 2, 0], [1, 3, 0, 0, 0], [0, 0, 6], [1, 1, 3], [0, 3], [0, 2, 1]]
tc: [[0, 0, 0, 0, 0], [0, 0, 0], [0, 0, 0, 0, 0], [0, 0, 1], [0, 0, 0], [0, 1], [0, 1, 0]]
score: 1.1001
----------------------------------------------------------------
isp: [[0, 0, 0, 0, 2], [0, 2, 0], [1, 3, 0, 0, 0], [0, 0, 6], [1, 1, 3], [0, 3], [0, 2, 1]]
tc: [[0, 0, 0, 0, 0], [0, 0, 0], [0, 0, 0, 0, 0], [0, 0, 0], [0, 0, 0], [0, 1], [0, 1, 0]]
score: 1.1
----------------------------------------------------------------
isp: [[0, 0, 0, 0, 2], [0, 2, 0], [1, 3, 0, 0, 0], [0, 0, 6], [1, 1, 3], [0, 3], [0, 2, 1]]
tc: [[0, 0, 0, 0, 0], [0, 0, 0], [0, 0, 0, 0, 0], [0, 0, 1], [0, 0, 0], [1, 0], [0, 1, 0]]
score: 101.0001
----------------------------------------------------------------
isp: [[0, 0, 0, 0, 2], [0, 2, 0], [1, 3, 0, 0, 0], [0, 0, 6], [1, 1, 3], [0, 3], [0, 2, 1]]
tc: [[0, 0, 0, 0, 0], [0, 0, 0], [0, 0, 0, 0, 0], [0, 0, 0], [0, 0, 0], [0, 1], [0, 1, 0]]
score: 1.1
----------------------------------------------------------------
isp: [[0, 0, 0, 0, 2], [0, 2, 0], [1, 3, 0, 0, 0], [0, 0, 6], [1, 1, 3], [0, 3], [0, 2, 1]]
tc: [[0, 0, 0, 0, 0], [0, 0, 0], [0, 0, 0, 0, 0], [0, 0, 0], [0, 0, 0], [0, 1], [0, 1, 0]]
score: 1.1
----------------------------------------------------------------
isp: [[0, 0, 0, 0, 2], [0, 2, 0], [1, 3, 0, 0, 0], [0, 0, 6], [1, 1, 3], [0, 3], [0, 2, 1]]
tc: [[0, 0, 0, 0, 0], [0, 0, 0], [0, 0, 0, 0, 0], [0, 0, 1], [0, 0, 1], [1, 0], [0, 1, 0]]
score: 101.1001
----------------------------------------------------------------
isp: [[0, 0, 0, 0, 2], [0, 2, 0], [1, 3, 0, 0, 0], [0, 0, 6], [1, 1, 3], [0, 3], [0, 2, 1]]
tc: [[0, 0, 0, 0, 0], [0, 0, 0], [0, 0, 0, 0, 0], [0, 0, 1], [0, 0, 1], [0, 1], [0, 0, 1]]
score: 10.2001
----------------------------------------------------------------
isp: [[0, 0, 0, 0, 2], [0, 2, 0], [1, 3, 0, 0, 0], [0, 0, 6], [1, 1, 3], [0, 3], [0, 2, 1]]
tc: [[0, 0, 0, 0, 0], [0, 0, 0], [0, 0, 0, 0, 0], [0, 0, 0], [0, 0, 0], [0, 1], [0, 1, 0]]
score: 1.1

