----------------------------------------------------------------
isp: [[0, 0, 0, 2, 0], [0, 0, 2], [2, 2, 0, 0, 0], [0, 0, 4], [0, 0, 4], [0, 2], [1, 1, 0]]
tc: [[0, 0, 0, 0, 0], [0, 0, 0], [0, 0, 0, 0, 0], [0, 0, 0], [0, 0, 0], [0, 1], [0, 1, 0]]
score: 11.0
----------------------------------------------------------------
isp: [[0, 0, 0, 2, 0], [0, 0, 2], [2, 2, 0, 0, 0], [0, 0, 4], [0, 0, 4], [0, 2], [1, 1, 0]]
tc: [[0, 0, 0, 0, 0], [0, 0, 0], [0, 0, 0, 0, 0], [0, 0, 0], [0, 0, 0], [0, 1], [0, 1, 0]]
score: 11.0
----------------------------------------------------------------
isp: [[0, 0, 0, 2, 0], [0, 0, 2], [2, 2, 0, 0, 0], [0, 0, 4], [0, 0, 4], [0, 2], [1, 1, 0]]
tc: [[0, 0, 0, 0, 0], [0, 0, 0], [0, 0, 0, 0, 0], [0, 0, 2], [0, 0, 1], [0, 1], [0, 0, 1]]
score: 101.021
----------------------------------------------------------------
isp: [[0, 0, 0, 2, 0], [0, 0, 2], [2, 2, 0, 0, 0], [0, 0, 4], [0, 0, 4], [0, 2], [1, 1, 0]]
tc: [[0, 0, 0, 0, 0], [0, 0, 0], [0, 1, 0, 0, 0], [0, 0, 1], [0, 0, 0], [0, 1], [0, 1, 0]]
score: 12.01
----------------------------------------------------------------
isp: [[0, 0, 0, 2, 0], [0, 0, 2], [2, 2, 0, 0, 0], [0, 0, 4], [0, 0, 4], [0, 2], [1, 1, 0]]
tc: [[0, 0, 0, 0, 0], [0, 0, 0], [0, 0, 0, 0, 0], [0, 0, 0], [0, 0, 0], [0, 1], [0, 1, 0]]
score: 11.0
----------------------------------------------------------------
isp: [[0, 0, 0, 2, 0], [0, 0, 2], [2, 2, 0, 0, 0], [0, 0, 4], [0, 0, 4], [0, 2], [1, 1, 0]]
tc: [[0, 0, 0, 0, 0], [0, 0, 0], [0, 0, 0, 0, 0], [0, 0, 1], [0, 0, 0], [0, 1], [0, 1, 0]]
score: 11.01
----------------------------------------------------------------
isp: [[0, 0, 0, 2, 0], [0, 0, 2], [2, 2, 0, 0, 0], [0, 0, 4], [0, 0, 4], [0, 2], [1, 1, 0]]
tc: [[0, 0, 0, 0, 0], [0, 0, 0], [0, 0, 0, 0, 0], [0, 0, 0], [0, 0, 0], [0, 1], [0, 1, 0]]
score: 11.0
----------------------------------------------------------------
isp: [[0, 0, 0, 2, 0], [0, 0, 2], [2, 2, 0, 0, 0], [0, 0, 4], [0, 0, 4], [0, 2], [1, 1, 0]]
tc: [[0, 0, 0, 0, 0], [0, 0, 0], [0, 0, 0, 0, 0], [0, 0, 5], [0, 0, 3], [1, 0], [0, 1, 0]]
score: 110.02221
----------------------------------------------------------------
isp: [[0, 0, 0, 2, 0], [0, 0, 2], [2, 2, 0, 0, 0], [0, 0, 4], [0, 0, 4], [0, 2], [1, 1, 0]]
tc: [[0, 0, 0, 0, 0], [0, 0, 0], [0, 0, 0, 0, 0], [0, 0, 2], [0, 0, 0], [0, 1], [0, 1, 0]]
score: 11.011
----------------------------------------------------------------
isp: [[0, 0, 0, 2, 0], [0, 0, 2], [2, 2, 0, 0, 0], [0, 0, 4], [0, 0, 4], [0, 2], [1, 1, 0]]
tc: [[0, 0, 0, 0, 0], [0, 0, 0], [0, 0, 0, 0, 0], [0, 0, 1], [0, 0, 0], [1, 0], [0, 1, 0]]
score: 110.01

