----------------------------------------------------------------
isp: [[0, 0, 0, 0, 1], [0, 1, 0], [0, 3, 0, 0, 0], [0, 0, 3], [0, 1, 2], [0, 2], [0, 2, 0]]
tc: [[0, 1, 0, 0, 0], [0, 0, 1], [0, 0, 1, 0, 0], [1, 0, 2], [0, 0, 2], [0, 1], [0, 1, 0]]
score: 403.21
----------------------------------------------------------------
isp: [[0, 0, 0, 0, 1], [0, 1, 0], [0, 3, 0, 0, 0], [0, 0, 3], [0, 1, 2], [0, 2], [0, 2, 0]]
tc: [[0, 0, 0, 0, 0], [0, 0, 0], [0, 0, 0, 0, 0], [0, 0, 0], [0, 0, 0], [0, 1], [0, 1, 0]]
score: 2.0
----------------------------------------------------------------
isp: [[0, 0, 0, 0, 1], [0, 1, 0], [0, 3, 0, 0, 0], [0, 0, 3], [0, 1, 2], [0, 2], [0, 2, 0]]
tc: [[0, 0, 0, 0, 0], [0, 0, 0], [1, 0, 0, 0, 0], [0, 0, 2], [0, 0, 0], [0, 1], [0, 0, 1]]
score: 201.11
----------------------------------------------------------------
isp: [[0, 0, 0, 0, 1], [0, 1, 0], [0, 3, 0, 0, 0], [0, 0, 3], [0, 1, 2], [0, 2], [0, 2, 0]]
tc: [[0, 0, 0, 0, 0], [0, 0, 0], [0, 0, 0, 0, 0], [0, 0, 1], [0, 0, 1], [1, 0], [0, 1, 0]]
score: 102.1
----------------------------------------------------------------
isp: [[0, 0, 0, 0, 1], [0, 1, 0], [0, 3, 0, 0, 0], [0, 0, 3], [0, 1, 2], [0, 2], [0, 2, 0]]
tc: [[0, 0, 0, 0, 0], [0, 0, 0], [1, 1, 0, 0, 0], [0, 0, 2], [0, 0, 2], [0, 1], [0, 1, 0]]
score: 103.31
----------------------------------------------------------------
isp: [[0, 0, 0, 0, 1], [0, 1, 0], [0, 3, 0, 0, 0], [0, 0, 3], [0, 1, 2], [0, 2], [0, 2, 0]]
tc: [[0, 0, 0, 0, 0], [0, 0, 0], [1, 1, 0, 0, 0], [0, 0, 3], [0, 0, 0], [0, 1], [1, 0, 0]]
score: 201.211
----------------------------------------------------------------
isp: [[0, 0, 0, 0, 1], [0, 1, 0], [0, 3, 0, 0, 0], [0, 0, 3], [0, 1, 2], [0, 2], [0, 2, 0]]
tc: [[0, 0, 0, 0, 0], [0, 0, 0], [0, 0, 0, 0, 0], [0, 0, 1], [0, 0, 1], [0, 1], [0, 1, 0]]
score: 3.1
----------------------------------------------------------------
isp: [[0, 0, 0, 0, 1], [0, 1, 0], [0, 3, 0, 0, 0], [0, 0, 3], [0, 1, 2], [0, 2], [0, 2, 0]]
tc: [[0, 0, 0, 0, 0], [0, 0, 0], [0, 0, 0, 0, 0], [0, 0, 5], [0, 0, 2], [1, 0], [1, 0, 0]]
score: 201.21112
----------------------------------------------------------------
isp: [[0, 0, 0, 0, 1], [0, 1, 0], [0, 3, 0, 0, 0], [0, 0, 3], [0, 1, 2], [0, 2], [0, 2, 0]]
tc: [[0, 0, 0, 0, 0], [0, 0, 0], [0, 0, 0, 0, 0], [0, 0, 2], [0, 0, 0], [0, 1], [1, 0, 0]]
score: 101.11
----------------------------------------------------------------
isp: [[0, 0, 0, 0, 1], [0, 1, 0], [0, 3, 0, 0, 0], [0, 0, 3], [0, 1, 2], [0, 2], [0, 2, 0]]
tc: [[0, 0, 0, 0, 0], [0, 0, 0], [0, 0, 0, 0, 0], [0, 0, 1], [0, 0, 1], [0, 1], [0, 1, 0]]
score: 3.1

