----------------------------------------------------------------
isp: [[0, 1, 0, 0, 1], [0, 1, 1], [0, 3, 1, 0, 0], [1, 0, 5], [0, 1, 4], [0, 3], [0, 3, 0]]
tc: [[0, 0, 0, 0, 0], [0, 0, 0], [0, 0, 0, 0, 0], [0, 0, 0], [0, 0, 0], [0, 1], [0, 1, 0]]
score: 0.2
----------------------------------------------------------------
isp: [[0, 1, 0, 0, 1], [0, 1, 1], [0, 3, 1, 0, 0], [1, 0, 5], [0, 1, 4], [0, 3], [0, 3, 0]]
tc: [[0, 0, 0, 0, 0], [0, 0, 0], [0, 2, 0, 0, 0], [0, 0, 1], [0, 0, 0], [0, 1], [0, 1, 0]]
score: 0.311
----------------------------------------------------------------
isp: [[0, 1, 0, 0, 1], [0, 1, 1], [0, 3, 1, 0, 0], [1, 0, 5], [0, 1, 4], [0, 3], [0, 3, 0]]
tc: [[0, 0, 0, 0, 0], [0, 0, 0], [0, 0, 0, 0, 0], [0, 0, 2], [0, 0, 1], [1, 0], [0, 0, 1]]
score: 200.01111
----------------------------------------------------------------
isp: [[0, 1, 0, 0, 1], [0, 1, 1], [0, 3, 1, 0, 0], [1, 0, 5], [0, 1, 4], [0, 3], [0, 3, 0]]
tc: [[0, 0, 0, 0, 1], [0, 1, 0], [0, 0, 0, 0, 0], [0, 0, 2], [1, 0, 1], [0, 1], [0, 1, 0]]
score: 120.2111
----------------------------------------------------------------
isp: [[0, 1, 0, 0, 1], [0, 1, 1], [0, 3, 1, 0, 0], [1, 0, 5], [0, 1, 4], [0, 3], [0, 3, 0]]
tc: [[0, 0, 0, 0, 0], [0, 0, 0], [1, 0, 0, 0, 0], [0, 0, 3], [0, 0, 3], [1, 0], [0, 1, 0]]
score: 200.11221
----------------------------------------------------------------
isp: [[0, 1, 0, 0, 1], [0, 1, 1], [0, 3, 1, 0, 0], [1, 0, 5], [0, 1, 4], [0, 3], [0, 3, 0]]
tc: [[0, 0, 0, 0, 0], [0, 0, 0], [0, 0, 0, 0, 0], [0, 0, 0], [0, 0, 0], [0, 1], [0, 1, 0]]
score: 0.2
----------------------------------------------------------------
isp: [[0, 1, 0, 0, 1], [0, 1, 1], [0, 3, 1, 0, 0], [1, 0, 5], [0, 1, 4], [0, 3], [0, 3, 0]]
tc: [[0, 0, 0, 0, 0], [0, 0, 0], [0, 0, 0, 0, 0], [0, 0, 0], [0, 0, 0], [0, 1], [0, 1, 0]]
score: 0.2
----------------------------------------------------------------
isp: [[0, 1, 0, 0, 1], [0, 1, 1], [0, 3, 1, 0, 0], [1, 0, 5], [0, 1, 4], [0, 3], [0, 3, 0]]
tc: [[0, 0, 0, 0, 0], [0, 0, 0], [0, 0, 0, 0, 0], [0, 0, 1], [0, 0, 1], [1, 0], [0, 1, 0]]
score: 100.111
----------------------------------------------------------------
isp: [[0, 1, 0, 0, 1], [0, 1, 1], [0, 3, 1, 0, 0], [1, 0, 5], [0, 1, 4], [0, 3], [0, 3, 0]]
tc: [[0, 0, 0, 0, 0], [0, 0, 0], [0, 0, 0, 0, 0], [0, 0, 1], [0, 0, 0], [0, 1], [0, 0, 1]]
score: 100.101
----------------------------------------------------------------
isp: [[0, 1, 0, 0, 1], [0, 1, 1], [0, 3, 1, 0, 0], [1, 0, 5], [0, 1, 4], [0, 3], [0, 3, 0]]
tc: [[0, 0, 0, 0, 0], [0, 0, 0], [0, 1, 0, 0, 0], [0, 0, 1], [0, 0, 0], [0, 1], [0, 1, 0]]
score: 0.301

