----------------------------------------------------------------
isp: [[0, 1, 0, 0, 0], [0, 0, 1], [2, 3, 0, 0, 0], [0, 0, 4], [0, 0, 1], [0, 2], [0, 2, 0]]
tc: [[0, 0, 0, 0, 0], [0, 0, 0], [0, 0, 0, 0, 0], [0, 0, 0], [0, 0, 0], [0, 1], [0, 1, 0]]
score: 2.0
----------------------------------------------------------------
isp: [[0, 1, 0, 0, 0], [0, 0, 1], [2, 3, 0, 0, 0], [0, 0, 4], [0, 0, 1], [0, 2], [0, 2, 0]]
tc: [[0, 1, 0, 0, 0], [0, 0, 1], [0, 0, 0, 0, 0], [0, 0, 2], [0, 0, 1], [0, 1], [0, 1, 0]]
score: 32.011
----------------------------------------------------------------
isp: [[0, 1, 0, 0, 0], [0, 0, 1], [2, 3, 0, 0, 0], [0, 0, 4], [0, 0, 1], [0, 2], [0, 2, 0]]
tc: [[0, 0, 0, 0, 0], [0, 0, 0], [0, 4, 0, 0, 0], [0, 0, 1], [0, 0, 0], [0, 1], [0, 1, 0]]
score: 2.1211
----------------------------------------------------------------
isp: [[0, 1, 0, 0, 0], [0, 0, 1], [2, 3, 0, 0, 0], [0, 0, 4], [0, 0, 1], [0, 2], [0, 2, 0]]
tc: [[0, 0, 0, 0, 0], [0, 0, 0], [0, 1, 0, 0, 0], [0, 0, 1], [0, 0, 0], [0, 1], [0, 1, 0]]
score: 2.1100001
----------------------------------------------------------------
isp: [[0, 1, 0, 0, 0], [0, 0, 1], [2, 3, 0, 0, 0], [0, 0, 4], [0, 0, 1], [0, 2], [0, 2, 0]]
tc: [[0, 0, 0, 0, 0], [0, 0, 0], [1, 0, 0, 0, 0], [0, 0, 1], [0, 0, 0], [0, 1], [0, 1, 0]]
score: 3.01
----------------------------------------------------------------
isp: [[0, 1, 0, 0, 0], [0, 0, 1], [2, 3, 0, 0, 0], [0, 0, 4], [0, 0, 1], [0, 2], [0, 2, 0]]
tc: [[0, 0, 0, 0, 0], [0, 0, 0], [0, 0, 0, 0, 0], [0, 0, 0], [0, 0, 0], [0, 1], [0, 1, 0]]
score: 2.0
----------------------------------------------------------------
isp: [[0, 1, 0, 0, 0], [0, 0, 1], [2, 3, 0, 0, 0], [0, 0, 4], [0, 0, 1], [0, 2], [0, 2, 0]]
tc: [[0, 0, 0, 0, 0], [0, 0, 0], [0, 0, 0, 0, 0], [0, 0, 1], [0, 0, 1], [0, 1], [0, 1, 0]]
score: 12.01
----------------------------------------------------------------
isp: [[0, 1, 0, 0, 0], [0, 0, 1], [2, 3, 0, 0, 0], [0, 0, 4], [0, 0, 1], [0, 2], [0, 2, 0]]
tc: [[0, 0, 0, 0, 0], [0, 0, 0], [0, 0, 0, 0, 0], [0, 0, 0], [0, 0, 0], [0, 1], [0, 1, 0]]
score: 2.0
----------------------------------------------------------------
isp: [[0, 1, 0, 0, 0], [0, 0, 1], [2, 3, 0, 0, 0], [0, 0, 4], [0, 0, 1], [0, 2], [0, 2, 0]]
tc: [[0, 0, 0, 0, 0], [0, 0, 0], [0, 0, 0, 0, 0], [0, 0, 2], [0, 0, 1], [0, 1], [0, 1, 0]]
score: 12.011
----------------------------------------------------------------
isp: [[0, 1, 0, 0, 0], [0, 0, 1], [2, 3, 0, 0, 0], [0, 0, 4], [0, 0, 1], [0, 2], [0, 2, 0]]
tc: [[0, 0, 0, 0, 0], [0, 0, 0], [0, 0, 0, 0, 0], [0, 0, 2], [0, 0, 1], [0, 1], [0, 1, 0]]
score: 12.011

