----------------------------------------------------------------
isp: [[0, 2, 0, 0, 0], [0, 0, 2], [2, 3, 0, 0, 0], [0, 0, 6], [0, 0, 2], [0, 3], [0, 3, 0]]
tc: [[0, 0, 0, 0, 0], [0, 0, 0], [0, 0, 0, 0, 0], [0, 0, 0], [0, 0, 0], [0, 1], [0, 1, 0]]
score: 0.2
----------------------------------------------------------------
isp: [[0, 2, 0, 0, 0], [0, 0, 2], [2, 3, 0, 0, 0], [0, 0, 6], [0, 0, 2], [0, 3], [0, 3, 0]]
tc: [[0, 0, 0, 0, 0], [0, 0, 0], [0, 0, 0, 0, 0], [0, 0, 0], [0, 0, 0], [0, 1], [0, 1, 0]]
score: 0.2
----------------------------------------------------------------
isp: [[0, 2, 0, 0, 0], [0, 0, 2], [2, 3, 0, 0, 0], [0, 0, 6], [0, 0, 2], [0, 3], [0, 3, 0]]
tc: [[0, 0, 0, 0, 0], [0, 0, 0], [0, 0, 0, 0, 0], [0, 0, 1], [0, 0, 0], [0, 1], [0, 1, 0]]
score: 0.2001
----------------------------------------------------------------
isp: [[0, 2, 0, 0, 0], [0, 0, 2], [2, 3, 0, 0, 0], [0, 0, 6], [0, 0, 2], [0, 3], [0, 3, 0]]
tc: [[0, 0, 0, 0, 0], [0, 0, 0], [0, 0, 0, 0, 0], [0, 0, 1], [0, 0, 1], [1, 0], [0, 1, 0]]
score: 101.1001
----------------------------------------------------------------
isp: [[0, 2, 0, 0, 0], [0, 0, 2], [2, 3, 0, 0, 0], [0, 0, 6], [0, 0, 2], [0, 3], [0, 3, 0]]
tc: [[0, 0, 0, 0, 0], [0, 0, 0], [0, 0, 0, 0, 0], [0, 0, 0], [0, 0, 0], [0, 1], [0, 1, 0]]
score: 0.2
----------------------------------------------------------------
isp: [[0, 2, 0, 0, 0], [0, 0, 2], [2, 3, 0, 0, 0], [0, 0, 6], [0, 0, 2], [0, 3], [0, 3, 0]]
tc: [[0, 0, 0, 0, 0], [0, 0, 0], [0, 2, 0, 0, 0], [0, 0, 1], [0, 0, 0], [0, 1], [0, 1, 0]]
score: 0.3101
----------------------------------------------------------------
isp: [[0, 2, 0, 0, 0], [0, 0, 2], [2, 3, 0, 0, 0], [0, 0, 6], [0, 0, 2], [0, 3], [0, 3, 0]]
tc: [[0, 0, 0, 0, 0], [0, 0, 0], [0, 3, 0, 0, 0], [0, 0, 2], [0, 0, 1], [0, 1], [0, 1, 0]]
score: 1.31111
----------------------------------------------------------------
isp: [[0, 2, 0, 0, 0], [0, 0, 2], [2, 3, 0, 0, 0], [0, 0, 6], [0, 0, 2], [0, 3], [0, 3, 0]]
tc: [[0, 0, 0, 0, 0], [0, 0, 0], [0, 0, 0, 0, 0], [0, 0, 0], [0, 0, 0], [0, 1], [0, 1, 0]]
score: 0.2
----------------------------------------------------------------
isp: [[0, 2, 0, 0, 0], [0, 0, 2], [2, 3, 0, 0, 0], [0, 0, 6], [0, 0, 2], [0, 3], [0, 3, 0]]
tc: [[0, 0, 0, 0, 0], [0, 0, 0], [1, 1, 0, 0, 0], [0, 0, 1], [0, 0, 0], [0, 1], [0, 1, 0]]
score: 1.3001001
----------------------------------------------------------------
isp: [[0, 2, 0, 0, 0], [0, 0, 2], [2, 3, 0, 0, 0], [0, 0, 6], [0, 0, 2], [0, 3], [0, 3, 0]]
tc: [[0, 0, 0, 0, 0], [0, 0, 0], [0, 0, 0, 0, 0], [0, 0, 1], [0, 0, 1], [1, 0], [0, 1, 0]]
score: 101.1001

