----------------------------------------------------------------
isp: [[0, 0, 0, 0, 0], [0, 0, 0], [4, 1, 0, 0, 0], [0, 0, 3], [0, 0, 3], [0, 2], [0, 2, 0]]
tc: [[0, 1, 0, 0, 0], [0, 0, 1], [0, 0, 0, 0, 0], [0, 0, 2], [0, 0, 0], [0, 1], [0, 1, 0]]
score: 202.11
----------------------------------------------------------------
isp: [[0, 0, 0, 0, 0], [0, 0, 0], [4, 1, 0, 0, 0], [0, 0, 3], [0, 0, 3], [0, 2], [0, 2, 0]]
tc: [[0, 0, 0, 0, 0], [0, 0, 0], [0, 0, 0, 0, 0], [0, 0, 1], [0, 0, 0], [0, 1], [0, 1, 0]]
score: 2.1
----------------------------------------------------------------
isp: [[0, 0, 0, 0, 0], [0, 0, 0], [4, 1, 0, 0, 0], [0, 0, 3], [0, 0, 3], [0, 2], [0, 2, 0]]
tc: [[0, 0, 0, 0, 0], [0, 0, 0], [0, 0, 0, 0, 0], [0, 0, 2], [0, 0, 1], [0, 1], [0, 1, 0]]
score: 2.21
----------------------------------------------------------------
isp: [[0, 0, 0, 0, 0], [0, 0, 0], [4, 1, 0, 0, 0], [0, 0, 3], [0, 0, 3], [0, 2], [0, 2, 0]]
tc: [[0, 0, 0, 0, 0], [0, 0, 0], [0, 0, 0, 0, 0], [0, 0, 1], [0, 0, 0], [1, 0], [0, 1, 0]]
score: 101.1
----------------------------------------------------------------
isp: [[0, 0, 0, 0, 0], [0, 0, 0], [4, 1, 0, 0, 0], [0, 0, 3], [0, 0, 3], [0, 2], [0, 2, 0]]
tc: [[0, 0, 0, 0, 0], [0, 0, 0], [0, 0, 0, 0, 0], [0, 0, 0], [0, 0, 0], [0, 1], [0, 1, 0]]
score: 2.0
----------------------------------------------------------------
isp: [[0, 0, 0, 0, 0], [0, 0, 0], [4, 1, 0, 0, 0], [0, 0, 3], [0, 0, 3], [0, 2], [0, 2, 0]]
tc: [[0, 0, 0, 0, 0], [0, 0, 0], [0, 0, 0, 0, 0], [0, 0, 1], [0, 0, 0], [0, 1], [0, 1, 0]]
score: 2.1
----------------------------------------------------------------
isp: [[0, 0, 0, 0, 0], [0, 0, 0], [4, 1, 0, 0, 0], [0, 0, 3], [0, 0, 3], [0, 2], [0, 2, 0]]
tc: [[0, 0, 0, 0, 0], [0, 0, 0], [0, 0, 0, 0, 0], [0, 0, 0], [0, 0, 0], [0, 1], [0, 1, 0]]
score: 2.0
----------------------------------------------------------------
isp: [[0, 0, 0, 0, 0], [0, 0, 0], [4, 1, 0, 0, 0], [0, 0, 3], [0, 0, 3], [0, 2], [0, 2, 0]]
tc: [[0, 0, 0, 0, 0], [0, 0, 0], [0, 0, 0, 0, 0], [0, 0, 0], [0, 0, 0], [0, 1], [0, 1, 0]]
score: 2.0
----------------------------------------------------------------
isp: [[0, 0, 0, 0, 0], [0, 0, 0], [4, 1, 0, 0, 0], [0, 0, 3], [0, 0, 3], [0, 2], [0, 2, 0]]
tc: [[0, 0, 0, 0, 0], [0, 0, 0], [0, 0, 0, 0, 0], [0, 0, 3], [0, 0, 3], [1, 0], [0, 1, 0]]
score: 101.222
----------------------------------------------------------------
isp: [[0, 0, 0, 0, 0], [0, 0, 0], [4, 1, 0, 0, 0], [0, 0, 3], [0, 0, 3], [0, 2], [0, 2, 0]]
tc: [[0, 0, 0, 0, 0], [0, 0, 0], [0, 0, 0, 0, 0], [0, 0, 0], [0, 0, 0], [0, 1], [0, 1, 0]]
score: 2.0

