----------------------------------------------------------------
isp: [[0, 1, 0, 0, 0], [0, 0, 1], [4, 1, 0, 0, 0], [0, 0, 5], [0, 0, 3], [0, 3], [0, 3, 0]]
tc: [[0, 0, 0, 0, 0], [0, 0, 0], [0, 3, 0, 0, 0], [0, 0, 2], [0, 0, 1], [0, 1], [0, 1, 0]]
score: 11.401101
----------------------------------------------------------------
isp: [[0, 1, 0, 0, 0], [0, 0, 1], [4, 1, 0, 0, 0], [0, 0, 5], [0, 0, 3], [0, 3], [0, 3, 0]]
tc: [[0, 0, 0, 0, 0], [0, 0, 0], [1, 3, 0, 0, 0], [0, 0, 1], [0, 0, 1], [0, 1], [0, 1, 0]]
score: 11.411002
----------------------------------------------------------------
isp: [[0, 1, 0, 0, 0], [0, 0, 1], [4, 1, 0, 0, 0], [0, 0, 5], [0, 0, 3], [0, 3], [0, 3, 0]]
tc: [[0, 0, 0, 0, 0], [0, 0, 0], [0, 0, 0, 0, 0], [0, 0, 2], [0, 0, 1], [0, 1], [0, 1, 0]]
score: 0.3011
----------------------------------------------------------------
isp: [[0, 1, 0, 0, 0], [0, 0, 1], [4, 1, 0, 0, 0], [0, 0, 5], [0, 0, 3], [0, 3], [0, 3, 0]]
tc: [[0, 0, 0, 0, 0], [0, 0, 0], [0, 0, 0, 0, 0], [0, 0, 1], [0, 0, 1], [0, 1], [0, 1, 0]]
score: 0.301
----------------------------------------------------------------
isp: [[0, 1, 0, 0, 0], [0, 0, 1], [4, 1, 0, 0, 0], [0, 0, 5], [0, 0, 3], [0, 3], [0, 3, 0]]
tc: [[0, 0, 0, 0, 0], [0, 0, 0], [0, 0, 0, 0, 0], [0, 0, 1], [0, 0, 0], [0, 1], [0, 1, 0]]
score: 0.201
----------------------------------------------------------------
isp: [[0, 1, 0, 0, 0], [0, 0, 1], [4, 1, 0, 0, 0], [0, 0, 5], [0, 0, 3], [0, 3], [0, 3, 0]]
tc: [[0, 0, 0, 0, 0], [0, 0, 0], [0, 0, 0, 0, 0], [0, 0, 2], [0, 0, 1], [0, 1], [0, 0, 1]]
score: 100.2011
----------------------------------------------------------------
isp: [[0, 1, 0, 0, 0], [0, 0, 1], [4, 1, 0, 0, 0], [0, 0, 5], [0, 0, 3], [0, 3], [0, 3, 0]]
tc: [[0, 0, 0, 0, 0], [0, 0, 0], [0, 0, 0, 0, 0], [0, 0, 0], [0, 0, 0], [0, 1], [0, 1, 0]]
score: 0.2
----------------------------------------------------------------
isp: [[0, 1, 0, 0, 0], [0, 0, 1], [4, 1, 0, 0, 0], [0, 0, 5], [0, 0, 3], [0, 3], [0, 3, 0]]
tc: [[0, 0, 0, 0, 0], [0, 0, 0], [0, 1, 0, 0, 0], [0, 0, 1], [0, 0, 1], [0, 1], [0, 1, 0]]
score: 10.301002
----------------------------------------------------------------
isp: [[0, 1, 0, 0, 0], [0, 0, 1], [4, 1, 0, 0, 0], [0, 0, 5], [0, 0, 3], [0, 3], [0, 3, 0]]
tc: [[0, 0, 0, 0, 0], [0, 0, 0], [0, 0, 0, 0, 0], [0, 0, 4], [0, 0, 1], [0, 1], [1, 0, 0]]
score: 100.20111
----------------------------------------------------------------
isp: [[0, 1, 0, 0, 0], [0, 0, 1], [4, 1, 0, 0, 0], [0, 0, 5], [0, 0, 3], [0, 3], [0, 3, 0]]
tc: [[0, 0, 0, 0, 0], [0, 0, 0], [0, 0, 0, 0, 0], [0, 0, 0], [0, 0, 0], [0, 1], [0, 1, 0]]
score: 0.2

