----------------------------------------------------------------
isp: [[0, 1, 0, 0, 0], [0, 0, 1], [4, 1, 0, 0, 0], [0, 0, 9], [0, 0, 4], [0, 4], [1, 3, 0]]
tc: [[0, 0, 0, 0, 0], [0, 0, 0], [0, 0, 0, 0, 0], [0, 0, 0], [0, 0, 0], [0, 1], [0, 1, 0]]
score: 0.11
----------------------------------------------------------------
isp: [[0, 1, 0, 0, 0], [0, 0, 1], [4, 1, 0, 0, 0], [0, 0, 9], [0, 0, 4], [0, 4], [1, 3, 0]]
tc: [[0, 0, 0, 0, 0], [0, 0, 0], [0, 0, 0, 0, 0], [0, 0, 5], [0, 0, 2], [1, 0], [1, 0, 0]]
score: 110.011
----------------------------------------------------------------
isp: [[0, 1, 0, 0, 0], [0, 0, 1], [4, 1, 0, 0, 0], [0, 0, 9], [0, 0, 4], [0, 4], [1, 3, 0]]
tc: [[0, 0, 0, 0, 0], [0, 0, 0], [0, 0, 0, 0, 0], [0, 0, 1], [0, 0, 1], [0, 1], [0, 1, 0]]
score: 0.1200001
----------------------------------------------------------------
isp: [[0, 1, 0, 0, 0], [0, 0, 1], [4, 1, 0, 0, 0], [0, 0, 9], [0, 0, 4], [0, 4], [1, 3, 0]]
tc: [[0, 0, 0, 0, 0], [0, 0, 0], [0, 0, 0, 0, 0], [0, 0, 0], [0, 0, 0], [0, 1], [0, 1, 0]]
score: 0.11
----------------------------------------------------------------
isp: [[0, 1, 0, 0, 0], [0, 0, 1], [4, 1, 0, 0, 0], [0, 0, 9], [0, 0, 4], [0, 4], [1, 3, 0]]
tc: [[0, 0, 0, 0, 0], [0, 0, 0], [0, 0, 0, 0, 0], [0, 0, 2], [0, 0, 1], [1, 0], [0, 1, 0]]
score: 100.11
----------------------------------------------------------------
isp: [[0, 1, 0, 0, 0], [0, 0, 1], [4, 1, 0, 0, 0], [0, 0, 9], [0, 0, 4], [0, 4], [1, 3, 0]]
tc: [[0, 0, 0, 0, 0], [0, 0, 0], [0, 0, 0, 0, 0], [0, 0, 0], [0, 0, 0], [0, 1], [0, 1, 0]]
score: 0.11
----------------------------------------------------------------
isp: [[0, 1, 0, 0, 0], [0, 0, 1], [4, 1, 0, 0, 0], [0, 0, 9], [0, 0, 4], [0, 4], [1, 3, 0]]
tc: [[0, 0, 0, 0, 0], [0, 0, 0], [0, 0, 0, 0, 0], [0, 0, 1], [0, 0, 1], [0, 1], [0, 1, 0]]
score: 0.1200001
----------------------------------------------------------------
isp: [[0, 1, 0, 0, 0], [0, 0, 1], [4, 1, 0, 0, 0], [0, 0, 9], [0, 0, 4], [0, 4], [1, 3, 0]]
tc: [[0, 0, 0, 0, 0], [0, 0, 0], [0, 0, 0, 0, 0], [0, 0, 1], [0, 0, 1], [0, 1], [0, 1, 0]]
score: 0.1200001
----------------------------------------------------------------
isp: [[0, 1, 0, 0, 0], [0, 0, 1], [4, 1, 0, 0, 0], [0, 0, 9], [0, 0, 4], [0, 4], [1, 3, 0]]
tc: [[0, 0, 0, 0, 1], [0, 0, 1], [1, 2, 0, 0, 0], [0, 0, 3], [0, 0, 1], [0, 1], [0, 1, 0]]
score: 121.130005
----------------------------------------------------------------
isp: [[0, 1, 0, 0, 0], [0, 0, 1], [4, 1, 0, 0, 0], [0, 0, 9], [0, 0, 4], [0, 4], [1, 3, 0]]
tc: [[0, 0, 0, 0, 0], [0, 0, 0], [0, 0, 0, 0, 0], [0, 0, 1], [0, 0, 1], [0, 1], [0, 0, 1]]
score: 100.02

