----------------------------------------------------------------
isp: [[0, 1, 0, 0, 1], [0, 0, 2], [5, 3, 0, 0, 0], [0, 0, 12], [0, 0, 5], [0, 5], [1, 4, 0]]
tc: [[0, 0, 0, 0, 0], [0, 0, 0], [0, 0, 0, 0, 0], [0, 0, 0], [0, 0, 0], [0, 1], [0, 1, 0]]
score: 0.011
----------------------------------------------------------------
isp: [[0, 1, 0, 0, 1], [0, 0, 2], [5, 3, 0, 0, 0], [0, 0, 12], [0, 0, 5], [0, 5], [1, 4, 0]]
tc: [[0, 0, 0, 0, 0], [0, 0, 0], [0, 0, 0, 0, 0], [0, 0, 1], [0, 0, 1], [1, 0], [0, 1, 0]]
score: 100.011
----------------------------------------------------------------
isp: [[0, 1, 0, 0, 1], [0, 0, 2], [5, 3, 0, 0, 0], [0, 0, 12], [0, 0, 5], [0, 5], [1, 4, 0]]
tc: [[0, 0, 0, 0, 0], [0, 0, 0], [0, 0, 0, 0, 0], [0, 0, 1], [0, 0, 1], [0, 1], [0, 1, 0]]
score: 0.012
----------------------------------------------------------------
isp: [[0, 1, 0, 0, 1], [0, 0, 2], [5, 3, 0, 0, 0], [0, 0, 12], [0, 0, 5], [0, 5], [1, 4, 0]]
tc: [[0, 0, 0, 0, 0], [0, 0, 0], [0, 0, 0, 0, 0], [0, 0, 1], [0, 0, 1], [1, 0], [0, 1, 0]]
score: 100.011
----------------------------------------------------------------
isp: [[0, 1, 0, 0, 1], [0, 0, 2], [5, 3, 0, 0, 0], [0, 0, 12], [0, 0, 5], [0, 5], [1, 4, 0]]
tc: [[0, 0, 0, 0, 0], [0, 0, 0], [0, 0, 0, 0, 0], [0, 0, 2], [0, 0, 0], [1, 0], [0, 0, 1]]
score: 200.0
----------------------------------------------------------------
isp: [[0, 1, 0, 0, 1], [0, 0, 2], [5, 3, 0, 0, 0], [0, 0, 12], [0, 0, 5], [0, 5], [1, 4, 0]]
tc: [[0, 0, 0, 0, 0], [0, 0, 0], [0, 0, 0, 0, 0], [0, 0, 0], [0, 0, 0], [0, 1], [0, 1, 0]]
score: 0.011
----------------------------------------------------------------
isp: [[0, 1, 0, 0, 1], [0, 0, 2], [5, 3, 0, 0, 0], [0, 0, 12], [0, 0, 5], [0, 5], [1, 4, 0]]
tc: [[0, 0, 0, 0, 0], [0, 0, 0], [0, 0, 0, 0, 0], [0, 0, 0], [0, 0, 0], [0, 1], [0, 1, 0]]
score: 0.011
----------------------------------------------------------------
isp: [[0, 1, 0, 0, 1], [0, 0, 2], [5, 3, 0, 0, 0], [0, 0, 12], [0, 0, 5], [0, 5], [1, 4, 0]]
tc: [[0, 0, 0, 0, 0], [0, 0, 0], [0, 0, 0, 0, 0], [0, 0, 0], [0, 0, 0], [0, 1], [0, 1, 0]]
score: 0.011
----------------------------------------------------------------
isp: [[0, 1, 0, 0, 1], [0, 0, 2], [5, 3, 0, 0, 0], [0, 0, 12], [0, 0, 5], [0, 5], [1, 4, 0]]
tc: [[0, 0, 0, 0, 0], [0, 0, 0], [0, 0, 0, 0, 0], [0, 0, 0], [0, 0, 0], [0, 1], [0, 1, 0]]
score: 0.011
----------------------------------------------------------------
isp: [[0, 1, 0, 0, 1], [0, 0, 2], [5, 3, 0, 0, 0], [0, 0, 12], [0, 0, 5], [0, 5], [1, 4, 0]]
tc: [[0, 0, 0, 0, 1], [0, 1, 0], [0, 1, 0, 0, 0], [0, 0, 2], [0, 0, 1], [0, 1], [0, 1, 0]]
score: 110.112

