----------------------------------------------------------------
isp: [[1, 0, 0, 0, 0], [0, 0, 1], [5, 3, 0, 0, 0], [0, 0, 12], [0, 0, 6], [2, 4], [0, 6, 0]]
tc: [[0, 0, 0, 0, 0], [0, 0, 0], [0, 0, 0, 0, 0], [0, 0, 0], [0, 0, 0], [0, 1], [0, 1, 0]]
score: 0.0101
----------------------------------------------------------------
isp: [[1, 0, 0, 0, 0], [0, 0, 1], [5, 3, 0, 0, 0], [0, 0, 12], [0, 0, 6], [2, 4], [0, 6, 0]]
tc: [[0, 0, 0, 0, 0], [0, 0, 0], [0, 0, 0, 0, 0], [0, 0, 1], [0, 0, 0], [0, 1], [0, 1, 0]]
score: 0.0101
----------------------------------------------------------------
isp: [[1, 0, 0, 0, 0], [0, 0, 1], [5, 3, 0, 0, 0], [0, 0, 12], [0, 0, 6], [2, 4], [0, 6, 0]]
tc: [[0, 0, 0, 0, 0], [0, 0, 0], [0, 0, 0, 0, 0], [0, 0, 0], [0, 0, 0], [0, 1], [0, 1, 0]]
score: 0.0101
----------------------------------------------------------------
isp: [[1, 0, 0, 0, 0], [0, 0, 1], [5, 3, 0, 0, 0], [0, 0, 12], [0, 0, 6], [2, 4], [0, 6, 0]]
tc: [[0, 0, 0, 0, 0], [0, 0, 0], [1, 0, 0, 0, 0], [0, 0, 1], [0, 0, 1], [0, 1], [0, 1, 0]]
score: 0.0112
----------------------------------------------------------------
isp: [[1, 0, 0, 0, 0], [0, 0, 1], [5, 3, 0, 0, 0], [0, 0, 12], [0, 0, 6], [2, 4], [0, 6, 0]]
tc: [[0, 0, 0, 0, 0], [0, 0, 0], [0, 0, 0, 0, 0], [0, 0, 2], [0, 0, 1], [0, 1], [0, 1, 0]]
score: 0.010199999
----------------------------------------------------------------
isp: [[1, 0, 0, 0, 0], [0, 0, 1], [5, 3, 0, 0, 0], [0, 0, 12], [0, 0, 6], [2, 4], [0, 6, 0]]
tc: [[0, 0, 0, 0, 0], [0, 0, 0], [0, 0, 0, 0, 0], [0, 0, 1], [0, 0, 0], [0, 1], [0, 0, 1]]
score: 100.01
----------------------------------------------------------------
isp: [[1, 0, 0, 0, 0], [0, 0, 1], [5, 3, 0, 0, 0], [0, 0, 12], [0, 0, 6], [2, 4], [0, 6, 0]]
tc: [[0, 1, 0, 0, 0], [0, 0, 1], [1, 0, 0, 0, 0], [0, 0, 3], [0, 0, 1], [0, 1], [0, 1, 0]]
score: 110.0112
----------------------------------------------------------------
isp: [[1, 0, 0, 0, 0], [0, 0, 1], [5, 3, 0, 0, 0], [0, 0, 12], [0, 0, 6], [2, 4], [0, 6, 0]]
tc: [[0, 0, 0, 0, 0], [0, 0, 0], [0, 1, 0, 0, 0], [0, 0, 2], [0, 0, 2], [0, 1], [0, 1, 0]]
score: 0.11021
----------------------------------------------------------------
isp: [[1, 0, 0, 0, 0], [0, 0, 1], [5, 3, 0, 0, 0], [0, 0, 12], [0, 0, 6], [2, 4], [0, 6, 0]]
tc: [[0, 0, 0, 0, 0], [0, 0, 0], [0, 0, 0, 0, 0], [0, 0, 0], [0, 0, 0], [0, 1], [0, 1, 0]]
score: 0.0101
----------------------------------------------------------------
isp: [[1, 0, 0, 0, 0], [0, 0, 1], [5, 3, 0, 0, 0], [0, 0, 12], [0, 0, 6], [2, 4], [0, 6, 0]]
tc: [[0, 0, 0, 0, 0], [0, 0, 0], [0, 0, 0, 0, 0], [0, 0, 0], [0, 0, 0], [0, 1], [0, 1, 0]]
score: 0.0101

