----------------------------------------------------------------
isp: [[0, 0, 0, 1, 1], [0, 1, 1], [1, 1, 0, 0, 0], [0, 0, 8], [0, 0, 2], [0, 2], [1, 1, 0]]
tc: [[0, 0, 0, 0, 0], [0, 0, 0], [2, 2, 0, 0, 0], [0, 0, 2], [0, 0, 1], [0, 1], [0, 1, 0]]
score: 34.0
----------------------------------------------------------------
isp: [[0, 0, 0, 1, 1], [0, 1, 1], [1, 1, 0, 0, 0], [0, 0, 8], [0, 0, 2], [0, 2], [1, 1, 0]]
tc: [[0, 0, 0, 0, 0], [0, 0, 0], [0, 1, 0, 0, 0], [0, 0, 1], [0, 0, 0], [0, 1], [0, 1, 0]]
score: 21.0
----------------------------------------------------------------
isp: [[0, 0, 0, 1, 1], [0, 1, 1], [1, 1, 0, 0, 0], [0, 0, 8], [0, 0, 2], [0, 2], [1, 1, 0]]
tc: [[0, 0, 0, 0, 0], [0, 0, 0], [0, 0, 0, 0, 0], [0, 0, 0], [0, 0, 0], [0, 1], [0, 1, 0]]
score: 11.0
----------------------------------------------------------------
isp: [[0, 0, 0, 1, 1], [0, 1, 1], [1, 1, 0, 0, 0], [0, 0, 8], [0, 0, 2], [0, 2], [1, 1, 0]]
tc: [[0, 0, 0, 0, 0], [0, 0, 0], [0, 0, 0, 0, 0], [0, 0, 0], [0, 0, 0], [0, 1], [0, 1, 0]]
score: 11.0
----------------------------------------------------------------
isp: [[0, 0, 0, 1, 1], [0, 1, 1], [1, 1, 0, 0, 0], [0, 0, 8], [0, 0, 2], [0, 2], [1, 1, 0]]
tc: [[0, 0, 0, 0, 0], [0, 0, 0], [2, 0, 0, 0, 0], [0, 0, 1], [0, 0, 1], [0, 1], [0, 1, 0]]
score: 23.0
----------------------------------------------------------------
isp: [[0, 0, 0, 1, 1], [0, 1, 1], [1, 1, 0, 0, 0], [0, 0, 8], [0, 0, 2], [0, 2], [1, 1, 0]]
tc: [[0, 0, 0, 0, 0], [0, 0, 0], [0, 0, 0, 0, 0], [0, 0, 3], [0, 0, 2], [0, 1], [0, 0, 1]]
score: 102.1
----------------------------------------------------------------
isp: [[0, 0, 0, 1, 1], [0, 1, 1], [1, 1, 0, 0, 0], [0, 0, 8], [0, 0, 2], [0, 2], [1, 1, 0]]
tc: [[0, 0, 0, 0, 0], [0, 0, 0], [0, 0, 0, 0, 0], [0, 0, 1], [0, 0, 0], [0, 1], [0, 1, 0]]
score: 11.000001
----------------------------------------------------------------
isp: [[0, 0, 0, 1, 1], [0, 1, 1], [1, 1, 0, 0, 0], [0, 0, 8], [0, 0, 2], [0, 2], [1, 1, 0]]
tc: [[0, 0, 0, 0, 0], [0, 0, 0], [0, 1, 0, 0, 0], [0, 0, 1], [0, 0, 0], [0, 1], [0, 1, 0]]
score: 21.0
----------------------------------------------------------------
isp: [[0, 0, 0, 1, 1], [0, 1, 1], [1, 1, 0, 0, 0], [0, 0, 8], [0, 0, 2], [0, 2], [1, 1, 0]]
tc: [[0, 0, 0, 0, 0], [0, 0, 0], [0, 0, 0, 0, 0], [0, 0, 5], [0, 0, 4], [0, 1], [1, 0, 0]]
score: 12.111001
----------------------------------------------------------------
isp: [[0, 0, 0, 1, 1], [0, 1, 1], [1, 1, 0, 0, 0], [0, 0, 8], [0, 0, 2], [0, 2], [1, 1, 0]]
tc: [[0, 0, 0, 0, 0], [0, 0, 0], [0, 0, 0, 0, 0], [0, 0, 0], [0, 0, 0], [0, 1], [0, 1, 0]]
score: 11.0

