----------------------------------------------------------------
isp: [[0, 0, 0, 1, 1], [0, 1, 1], [1, 1, 0, 0, 0], [0, 0, 11], [0, 0, 4], [0, 3], [1, 1, 1]]
tc: [[0, 0, 0, 0, 0], [0, 0, 0], [0, 0, 0, 0, 0], [0, 0, 1], [0, 0, 1], [0, 1], [0, 1, 0]]
score: 10.11
----------------------------------------------------------------
isp: [[0, 0, 0, 1, 1], [0, 1, 1], [1, 1, 0, 0, 0], [0, 0, 11], [0, 0, 4], [0, 3], [1, 1, 1]]
tc: [[0, 0, 0, 0, 0], [0, 0, 0], [1, 0, 0, 0, 0], [0, 0, 2], [0, 0, 1], [0, 1], [0, 1, 0]]
score: 20.11
----------------------------------------------------------------
isp: [[0, 0, 0, 1, 1], [0, 1, 1], [1, 1, 0, 0, 0], [0, 0, 11], [0, 0, 4], [0, 3], [1, 1, 1]]
tc: [[0, 0, 0, 0, 0], [0, 0, 0], [1, 1, 0, 0, 0], [0, 0, 1], [0, 0, 0], [0, 1], [0, 1, 0]]
score: 30.1
----------------------------------------------------------------
isp: [[0, 0, 0, 1, 1], [0, 1, 1], [1, 1, 0, 0, 0], [0, 0, 11], [0, 0, 4], [0, 3], [1, 1, 1]]
tc: [[0, 0, 0, 0, 0], [0, 0, 0], [0, 0, 0, 0, 0], [0, 0, 0], [0, 0, 0], [0, 1], [0, 1, 0]]
score: 10.1
----------------------------------------------------------------
isp: [[0, 0, 0, 1, 1], [0, 1, 1], [1, 1, 0, 0, 0], [0, 0, 11], [0, 0, 4], [0, 3], [1, 1, 1]]
tc: [[0, 0, 0, 0, 0], [0, 0, 0], [0, 0, 0, 0, 0], [0, 0, 1], [0, 0, 0], [0, 1], [0, 1, 0]]
score: 10.1
----------------------------------------------------------------
isp: [[0, 0, 0, 1, 1], [0, 1, 1], [1, 1, 0, 0, 0], [0, 0, 11], [0, 0, 4], [0, 3], [1, 1, 1]]
tc: [[0, 0, 0, 0, 0], [0, 0, 0], [1, 0, 0, 0, 0], [0, 0, 1], [0, 0, 0], [0, 1], [0, 1, 0]]
score: 20.1
----------------------------------------------------------------
isp: [[0, 0, 0, 1, 1], [0, 1, 1], [1, 1, 0, 0, 0], [0, 0, 11], [0, 0, 4], [0, 3], [1, 1, 1]]
tc: [[0, 0, 0, 0, 0], [0, 0, 0], [1, 1, 0, 0, 0], [0, 0, 1], [0, 0, 1], [0, 1], [0, 1, 0]]
score: 30.11
----------------------------------------------------------------
isp: [[0, 0, 0, 1, 1], [0, 1, 1], [1, 1, 0, 0, 0], [0, 0, 11], [0, 0, 4], [0, 3], [1, 1, 1]]
tc: [[0, 0, 0, 0, 0], [0, 0, 0], [1, 0, 0, 0, 0], [0, 0, 1], [0, 0, 0], [0, 1], [0, 1, 0]]
score: 20.1
----------------------------------------------------------------
isp: [[0, 0, 0, 1, 1], [0, 1, 1], [1, 1, 0, 0, 0], [0, 0, 11], [0, 0, 4], [0, 3], [1, 1, 1]]
tc: [[0, 0, 0, 0, 0], [0, 0, 0], [0, 0, 0, 0, 0], [0, 0, 0], [0, 0, 0], [0, 1], [0, 1, 0]]
score: 10.1
----------------------------------------------------------------
isp: [[0, 0, 0, 1, 1], [0, 1, 1], [1, 1, 0, 0, 0], [0, 0, 11], [0, 0, 4], [0, 3], [1, 1, 1]]
tc: [[0, 0, 0, 0, 0], [0, 0, 0], [0, 0, 0, 0, 0], [0, 0, 0], [0, 0, 0], [0, 1], [0, 1, 0]]
score: 10.1

