----------------------------------------------------------------
isp: [[0, 0, 0, 1, 1], [0, 1, 1], [2, 2, 0, 0, 0], [0, 0, 12], [0, 0, 5], [0, 4], [1, 2, 1]]
tc: [[0, 0, 0, 0, 0], [0, 0, 0], [0, 0, 0, 0, 0], [0, 0, 1], [0, 0, 0], [0, 1], [0, 1, 0]]
score: 1.01
----------------------------------------------------------------
isp: [[0, 0, 0, 1, 1], [0, 1, 1], [2, 2, 0, 0, 0], [0, 0, 12], [0, 0, 5], [0, 4], [1, 2, 1]]
tc: [[0, 0, 0, 0, 0], [0, 0, 0], [0, 0, 0, 0, 0], [0, 0, 0], [0, 0, 0], [0, 1], [0, 1, 0]]
score: 1.01
----------------------------------------------------------------
isp: [[0, 0, 0, 1, 1], [0, 1, 1], [2, 2, 0, 0, 0], [0, 0, 12], [0, 0, 5], [0, 4], [1, 2, 1]]
tc: [[0, 0, 0, 0, 0], [0, 0, 0], [0, 0, 0, 0, 0], [0, 0, 1], [0, 0, 0], [0, 1], [0, 1, 0]]
score: 1.01
----------------------------------------------------------------
isp: [[0, 0, 0, 1, 1], [0, 1, 1], [2, 2, 0, 0, 0], [0, 0, 12], [0, 0, 5], [0, 4], [1, 2, 1]]
tc: [[0, 0, 0, 0, 0], [0, 0, 0], [0, 0, 0, 0, 0], [0, 0, 1], [0, 0, 0], [0, 1], [0, 1, 0]]
score: 1.01
----------------------------------------------------------------
isp: [[0, 0, 0, 1, 1], [0, 1, 1], [2, 2, 0, 0, 0], [0, 0, 12], [0, 0, 5], [0, 4], [1, 2, 1]]
tc: [[0, 0, 0, 0, 0], [0, 0, 0], [0, 0, 0, 0, 0], [0, 0, 0], [0, 0, 0], [0, 1], [0, 1, 0]]
score: 1.01
----------------------------------------------------------------
isp: [[0, 0, 0, 1, 1], [0, 1, 1], [2, 2, 0, 0, 0], [0, 0, 12], [0, 0, 5], [0, 4], [1, 2, 1]]
tc: [[0, 0, 0, 0, 0], [0, 0, 0], [0, 0, 0, 0, 0], [0, 0, 0], [0, 0, 0], [0, 1], [0, 1, 0]]
score: 1.01
----------------------------------------------------------------
isp: [[0, 0, 0, 1, 1], [0, 1, 1], [2, 2, 0, 0, 0], [0, 0, 12], [0, 0, 5], [0, 4], [1, 2, 1]]
tc: [[0, 0, 0, 0, 0], [0, 0, 0], [0, 0, 0, 0, 0], [0, 0, 1], [0, 0, 1], [0, 1], [0, 1, 0]]
score: 1.011
----------------------------------------------------------------
isp: [[0, 0, 0, 1, 1], [0, 1, 1], [2, 2, 0, 0, 0], [0, 0, 12], [0, 0, 5], [0, 4], [1, 2, 1]]
tc: [[0, 0, 0, 0, 0], [0, 0, 0], [0, 0, 0, 0, 0], [0, 0, 1], [0, 0, 0], [0, 1], [0, 1, 0]]
score: 1.01
----------------------------------------------------------------
isp: [[0, 0, 0, 1, 1], [0, 1, 1], [2, 2, 0, 0, 0], [0, 0, 12], [0, 0, 5], [0, 4], [1, 2, 1]]
tc: [[0, 0, 0, 0, 0], [0, 0, 0], [0, 0, 0, 0, 0], [0, 0, 1], [0, 0, 0], [0, 1], [0, 1, 0]]
score: 1.01
----------------------------------------------------------------
isp: [[0, 0, 0, 1, 1], [0, 1, 1], [2, 2, 0, 0, 0], [0, 0, 12], [0, 0, 5], [0, 4], [1, 2, 1]]
tc: [[0, 0, 0, 0, 0], [0, 0, 0], [0, 0, 0, 0, 0], [0, 0, 0], [0, 0, 0], [0, 1], [0, 1, 0]]
score: 1.01

