----------------------------------------------------------------
isp: [[0, 0, 0, 1, 1], [0, 1, 1], [2, 2, 0, 0, 0], [0, 0, 13], [0, 0, 6], [0, 5], [1, 3, 1]]
tc: [[0, 0, 0, 0, 0], [0, 0, 0], [0, 1, 0, 0, 0], [0, 0, 1], [0, 0, 1], [0, 1], [0, 1, 0]]
score: 1.1011001
----------------------------------------------------------------
isp: [[0, 0, 0, 1, 1], [0, 1, 1], [2, 2, 0, 0, 0], [0, 0, 13], [0, 0, 6], [0, 5], [1, 3, 1]]
tc: [[0, 0, 0, 0, 0], [0, 0, 0], [0, 0, 0, 0, 0], [0, 0, 1], [0, 0, 1], [1, 0], [0, 1, 0]]
score: 100.1001
----------------------------------------------------------------
isp: [[0, 0, 0, 1, 1], [0, 1, 1], [2, 2, 0, 0, 0], [0, 0, 13], [0, 0, 6], [0, 5], [1, 3, 1]]
tc: [[0, 0, 0, 0, 0], [0, 0, 0], [0, 0, 0, 0, 0], [0, 0, 2], [0, 0, 2], [0, 1], [0, 1, 0]]
score: 0.101110004
----------------------------------------------------------------
isp: [[0, 0, 0, 1, 1], [0, 1, 1], [2, 2, 0, 0, 0], [0, 0, 13], [0, 0, 6], [0, 5], [1, 3, 1]]
tc: [[0, 0, 0, 0, 0], [0, 0, 0], [0, 0, 0, 0, 0], [0, 0, 0], [0, 0, 0], [0, 1], [0, 1, 0]]
score: 0.101
----------------------------------------------------------------
isp: [[0, 0, 0, 1, 1], [0, 1, 1], [2, 2, 0, 0, 0], [0, 0, 13], [0, 0, 6], [0, 5], [1, 3, 1]]
tc: [[0, 0, 0, 0, 0], [0, 0, 0], [0, 1, 0, 0, 0], [0, 0, 2], [0, 0, 0], [0, 1], [0, 1, 0]]
score: 1.1010001
----------------------------------------------------------------
isp: [[0, 0, 0, 1, 1], [0, 1, 1], [2, 2, 0, 0, 0], [0, 0, 13], [0, 0, 6], [0, 5], [1, 3, 1]]
tc: [[0, 0, 0, 0, 0], [0, 0, 0], [0, 0, 0, 0, 0], [0, 0, 0], [0, 0, 0], [0, 1], [0, 1, 0]]
score: 0.101
----------------------------------------------------------------
isp: [[0, 0, 0, 1, 1], [0, 1, 1], [2, 2, 0, 0, 0], [0, 0, 13], [0, 0, 6], [0, 5], [1, 3, 1]]
tc: [[0, 0, 0, 0, 0], [0, 0, 0], [0, 1, 0, 0, 0], [0, 0, 2], [0, 0, 1], [0, 1], [0, 1, 0]]
score: 1.1011001
----------------------------------------------------------------
isp: [[0, 0, 0, 1, 1], [0, 1, 1], [2, 2, 0, 0, 0], [0, 0, 13], [0, 0, 6], [0, 5], [1, 3, 1]]
tc: [[0, 0, 0, 0, 0], [0, 0, 0], [0, 0, 0, 0, 0], [0, 0, 0], [0, 0, 0], [0, 1], [0, 1, 0]]
score: 0.101
----------------------------------------------------------------
isp: [[0, 0, 0, 1, 1], [0, 1, 1], [2, 2, 0, 0, 0], [0, 0, 13], [0, 0, 6], [0, 5], [1, 3, 1]]
tc: [[0, 0, 0, 0, 0], [0, 0, 0], [0, 0, 0, 0, 0], [0, 0, 1], [0, 0, 1], [0, 1], [0, 1, 0]]
score: 0.1011
----------------------------------------------------------------
isp: [[0, 0, 0, 1, 1], [0, 1, 1], [2, 2, 0, 0, 0], [0, 0, 13], [0, 0, 6], [0, 5], [1, 3, 1]]
tc: [[0, 0, 0, 0, 0], [0, 0, 0], [0, 0, 0, 0, 0], [0, 0, 4], [0, 0, 0], [0, 1], [0, 1, 0]]
score: 0.101

