----------------------------------------------------------------
isp: [[0, 0, 0, 1, 1], [0, 1, 1], [2, 2, 0, 0, 0], [0, 0, 14], [0, 0, 7], [1, 5], [1, 4, 1]]
tc: [[0, 0, 0, 0, 0], [0, 0, 0], [0, 0, 0, 0, 0], [0, 0, 0], [0, 0, 0], [0, 1], [0, 1, 0]]
score: 0.011
----------------------------------------------------------------
isp: [[0, 0, 0, 1, 1], [0, 1, 1], [2, 2, 0, 0, 0], [0, 0, 14], [0, 0, 7], [1, 5], [1, 4, 1]]
tc: [[0, 0, 0, 0, 0], [0, 0, 0], [0, 1, 0, 0, 0], [0, 0, 1], [0, 0, 0], [0, 1], [0, 1, 0]]
score: 1.011
----------------------------------------------------------------
isp: [[0, 0, 0, 1, 1], [0, 1, 1], [2, 2, 0, 0, 0], [0, 0, 14], [0, 0, 7], [1, 5], [1, 4, 1]]
tc: [[0, 0, 0, 0, 0], [0, 0, 0], [0, 0, 0, 0, 0], [0, 0, 0], [0, 0, 0], [0, 1], [0, 1, 0]]
score: 0.011
----------------------------------------------------------------
isp: [[0, 0, 0, 1, 1], [0, 1, 1], [2, 2, 0, 0, 0], [0, 0, 14], [0, 0, 7], [1, 5], [1, 4, 1]]
tc: [[0, 0, 0, 0, 0], [0, 0, 0], [0, 0, 0, 0, 0], [0, 0, 0], [0, 0, 0], [0, 1], [0, 1, 0]]
score: 0.011
----------------------------------------------------------------
isp: [[0, 0, 0, 1, 1], [0, 1, 1], [2, 2, 0, 0, 0], [0, 0, 14], [0, 0, 7], [1, 5], [1, 4, 1]]
tc: [[0, 0, 0, 0, 0], [0, 0, 0], [0, 0, 0, 0, 0], [0, 0, 1], [0, 0, 0], [0, 1], [0, 1, 0]]
score: 0.011
----------------------------------------------------------------
isp: [[0, 0, 0, 1, 1], [0, 1, 1], [2, 2, 0, 0, 0], [0, 0, 14], [0, 0, 7], [1, 5], [1, 4, 1]]
tc: [[0, 0, 0, 0, 0], [0, 0, 0], [0, 0, 0, 0, 0], [0, 0, 0], [0, 0, 0], [0, 1], [0, 1, 0]]
score: 0.011
----------------------------------------------------------------
isp: [[0, 0, 0, 1, 1], [0, 1, 1], [2, 2, 0, 0, 0], [0, 0, 14], [0, 0, 7], [1, 5], [1, 4, 1]]
tc: [[0, 0, 0, 0, 0], [0, 0, 0], [0, 0, 0, 0, 0], [0, 0, 0], [0, 0, 0], [0, 1], [0, 1, 0]]
score: 0.011
----------------------------------------------------------------
isp: [[0, 0, 0, 1, 1], [0, 1, 1], [2, 2, 0, 0, 0], [0, 0, 14], [0, 0, 7], [1, 5], [1, 4, 1]]
tc: [[0, 0, 0, 0, 0], [0, 0, 0], [1, 1, 0, 0, 0], [0, 0, 1], [0, 0, 0], [0, 1], [0, 1, 0]]
score: 2.011
----------------------------------------------------------------
isp: [[0, 0, 0, 1, 1], [0, 1, 1], [2, 2, 0, 0, 0], [0, 0, 14], [0, 0, 7], [1, 5], [1, 4, 1]]
tc: [[0, 0, 0, 0, 0], [0, 0, 0], [0, 0, 0, 0, 0], [0, 0, 0], [0, 0, 0], [0, 1], [0, 1, 0]]
score: 0.011
----------------------------------------------------------------
isp: [[0, 0, 0, 1, 1], [0, 1, 1], [2, 2, 0, 0, 0], [0, 0, 14], [0, 0, 7], [1, 5], [1, 4, 1]]
tc: [[0, 0, 0, 0, 0], [0, 0, 0], [0, 0, 0, 0, 0], [0, 0, 1], [0, 0, 1], [0, 1], [0, 1, 0]]
score: 0.01101

