----------------------------------------------------------------
isp: [[0, 0, 0, 1, 1], [0, 1, 1], [3, 3, 0, 0, 0], [0, 0, 15], [0, 0, 7], [1, 6], [1, 5, 1]]
tc: [[0, 0, 0, 0, 0], [0, 0, 0], [0, 0, 0, 0, 0], [0, 0, 0], [0, 0, 0], [0, 1], [0, 1, 0]]
score: 0.0011
----------------------------------------------------------------
isp: [[0, 0, 0, 1, 1], [0, 1, 1], [3, 3, 0, 0, 0], [0, 0, 15], [0, 0, 7], [1, 6], [1, 5, 1]]
tc: [[0, 0, 0, 0, 0], [0, 0, 0], [0, 0, 0, 0, 0], [0, 0, 0], [0, 0, 0], [0, 1], [0, 1, 0]]
score: 0.0011
----------------------------------------------------------------
isp: [[0, 0, 0, 1, 1], [0, 1, 1], [3, 3, 0, 0, 0], [0, 0, 15], [0, 0, 7], [1, 6], [1, 5, 1]]
tc: [[0, 0, 0, 0, 0], [0, 0, 0], [0, 0, 0, 0, 0], [0, 0, 1], [0, 0, 0], [0, 1], [0, 1, 0]]
score: 0.0011
----------------------------------------------------------------
isp: [[0, 0, 0, 1, 1], [0, 1, 1], [3, 3, 0, 0, 0], [0, 0, 15], [0, 0, 7], [1, 6], [1, 5, 1]]
tc: [[0, 0, 0, 0, 0], [0, 0, 0], [0, 0, 0, 0, 0], [0, 0, 1], [0, 0, 1], [0, 1], [0, 1, 0]]
score: 0.0011100001
----------------------------------------------------------------
isp: [[0, 0, 0, 1, 1], [0, 1, 1], [3, 3, 0, 0, 0], [0, 0, 15], [0, 0, 7], [1, 6], [1, 5, 1]]
tc: [[0, 0, 0, 0, 0], [0, 0, 0], [0, 1, 0, 0, 0], [0, 0, 3], [0, 0, 1], [0, 1], [0, 1, 0]]
score: 0.101110004
----------------------------------------------------------------
isp: [[0, 0, 0, 1, 1], [0, 1, 1], [3, 3, 0, 0, 0], [0, 0, 15], [0, 0, 7], [1, 6], [1, 5, 1]]
tc: [[0, 0, 0, 0, 0], [0, 0, 0], [0, 0, 0, 0, 0], [0, 0, 0], [0, 0, 0], [0, 1], [0, 1, 0]]
score: 0.0011
----------------------------------------------------------------
isp: [[0, 0, 0, 1, 1], [0, 1, 1], [3, 3, 0, 0, 0], [0, 0, 15], [0, 0, 7], [1, 6], [1, 5, 1]]
tc: [[0, 0, 0, 0, 0], [0, 0, 0], [0, 0, 0, 0, 0], [0, 0, 0], [0, 0, 0], [0, 1], [0, 1, 0]]
score: 0.0011
----------------------------------------------------------------
isp: [[0, 0, 0, 1, 1], [0, 1, 1], [3, 3, 0, 0, 0], [0, 0, 15], [0, 0, 7], [1, 6], [1, 5, 1]]
tc: [[0, 0, 0, 0, 0], [0, 0, 0], [0, 1, 0, 0, 0], [0, 0, 1], [0, 0, 1], [0, 1], [0, 1, 0]]
score: 0.101110004
----------------------------------------------------------------
isp: [[0, 0, 0, 1, 1], [0, 1, 1], [3, 3, 0, 0, 0], [0, 0, 15], [0, 0, 7], [1, 6], [1, 5, 1]]
tc: [[0, 0, 0, 0, 0], [0, 0, 0], [0, 0, 0, 0, 0], [0, 0, 0], [0, 0, 0], [0, 1], [0, 1, 0]]
score: 0.0011
----------------------------------------------------------------
isp: [[0, 0, 0, 1, 1], [0, 1, 1], [3, 3, 0, 0, 0], [0, 0, 15], [0, 0, 7], [1, 6], [1, 5, 1]]
tc: [[0, 0, 0, 0, 0], [0, 0, 0], [0, 0, 0, 0, 0], [0, 0, 0], [0, 0, 0], [0, 1], [0, 1, 0]]
score: 0.0011

