----------------------------------------------------------------
isp: [[0, 0, 0, 1, 1], [0, 1, 1], [3, 4, 0, 0, 0], [0, 0, 18], [0, 0, 8], [1, 7], [1, 6, 1]]
tc: [[0, 0, 0, 0, 0], [0, 0, 0], [0, 0, 0, 0, 0], [0, 0, 1], [0, 0, 0], [0, 1], [0, 1, 0]]
score: 1.0999999E-4
----------------------------------------------------------------
isp: [[0, 0, 0, 1, 1], [0, 1, 1], [3, 4, 0, 0, 0], [0, 0, 18], [0, 0, 8], [1, 7], [1, 6, 1]]
tc: [[0, 0, 0, 0, 0], [0, 0, 0], [0, 0, 0, 0, 0], [0, 0, 1], [0, 0, 0], [0, 1], [0, 1, 0]]
score: 1.0999999E-4
----------------------------------------------------------------
isp: [[0, 0, 0, 1, 1], [0, 1, 1], [3, 4, 0, 0, 0], [0, 0, 18], [0, 0, 8], [1, 7], [1, 6, 1]]
tc: [[0, 0, 0, 0, 0], [0, 0, 0], [0, 0, 0, 0, 0], [0, 0, 2], [0, 0, 1], [0, 1], [0, 1, 0]]
score: 1.11E-4
----------------------------------------------------------------
isp: [[0, 0, 0, 1, 1], [0, 1, 1], [3, 4, 0, 0, 0], [0, 0, 18], [0, 0, 8], [1, 7], [1, 6, 1]]
tc: [[0, 0, 0, 0, 0], [0, 0, 0], [1, 0, 0, 0, 0], [0, 0, 2], [0, 0, 1], [0, 1], [0, 1, 0]]
score: 0.100111
----------------------------------------------------------------
isp: [[0, 0, 0, 1, 1], [0, 1, 1], [3, 4, 0, 0, 0], [0, 0, 18], [0, 0, 8], [1, 7], [1, 6, 1]]
tc: [[0, 0, 0, 0, 0], [0, 0, 0], [0, 0, 0, 0, 0], [0, 0, 1], [0, 0, 0], [0, 1], [0, 1, 0]]
score: 1.0999999E-4
----------------------------------------------------------------
isp: [[0, 0, 0, 1, 1], [0, 1, 1], [3, 4, 0, 0, 0], [0, 0, 18], [0, 0, 8], [1, 7], [1, 6, 1]]
tc: [[0, 0, 0, 0, 0], [0, 0, 0], [0, 2, 0, 0, 0], [0, 0, 1], [0, 0, 1], [0, 1], [0, 1, 0]]
score: 0.011111
----------------------------------------------------------------
isp: [[0, 0, 0, 1, 1], [0, 1, 1], [3, 4, 0, 0, 0], [0, 0, 18], [0, 0, 8], [1, 7], [1, 6, 1]]
tc: [[0, 0, 0, 0, 0], [0, 0, 0], [0, 0, 0, 0, 0], [0, 0, 0], [0, 0, 0], [0, 1], [0, 1, 0]]
score: 1.0999999E-4
----------------------------------------------------------------
isp: [[0, 0, 0, 1, 1], [0, 1, 1], [3, 4, 0, 0, 0], [0, 0, 18], [0, 0, 8], [1, 7], [1, 6, 1]]
tc: [[0, 0, 0, 0, 0], [0, 0, 0], [0, 0, 0, 0, 0], [0, 0, 0], [0, 0, 0], [0, 1], [0, 1, 0]]
score: 1.0999999E-4
----------------------------------------------------------------
isp: [[0, 0, 0, 1, 1], [0, 1, 1], [3, 4, 0, 0, 0], [0, 0, 18], [0, 0, 8], [1, 7], [1, 6, 1]]
tc: [[0, 0, 0, 0, 0], [0, 0, 0], [0, 0, 0, 0, 0], [0, 0, 2], [0, 0, 0], [1, 0], [0, 1, 0]]
score: 10.0001
----------------------------------------------------------------
isp: [[0, 0, 0, 1, 1], [0, 1, 1], [3, 4, 0, 0, 0], [0, 0, 18], [0, 0, 8], [1, 7], [1, 6, 1]]
tc: [[0, 1, 0, 0, 0], [0, 0, 1], [0, 1, 1, 0, 0], [1, 0, 2], [0, 1, 2], [0, 1], [0, 1, 0]]
score: 410.0101

