----------------------------------------------------------------
isp: []
tc: [[0, 0, 0, 0, 0], [0, 0, 0], [0, 0, 0, 0, 0], [0, 0, 2], [0, 0, 0], [0, 1], [0, 1, 0]]
score: 310.0
----------------------------------------------------------------
isp: []
tc: [[0, 0, 0, 0, 0], [0, 0, 0], [0, 0, 0, 0, 0], [0, 0, 0], [0, 0, 0], [0, 1], [0, 1, 0]]
score: 200.0
----------------------------------------------------------------
isp: []
tc: [[0, 0, 0, 0, 0], [0, 0, 0], [1, 0, 0, 0, 0], [0, 0, 1], [0, 0, 1], [0, 1], [0, 1, 0]]
score: 500.0
----------------------------------------------------------------
isp: []
tc: [[0, 0, 0, 0, 0], [0, 0, 0], [0, 0, 0, 0, 0], [0, 0, 0], [0, 0, 0], [0, 1], [0, 1, 0]]
score: 200.0
----------------------------------------------------------------
isp: []
tc: [[0, 0, 0, 0, 0], [0, 0, 0], [0, 0, 0, 0, 0], [0, 0, 0], [0, 0, 0], [0, 1], [0, 1, 0]]
score: 200.0
----------------------------------------------------------------
isp: []
tc: [[0, 1, 0, 0, 0], [0, 0, 1], [0, 0, 1, 0, 0], [0, 1, 2], [0, 1, 0], [0, 1], [0, 1, 0]]
score: 810.0
----------------------------------------------------------------
isp: []
tc: [[0, 0, 0, 0, 0], [0, 0, 0], [0, 0, 0, 0, 0], [0, 0, 0], [0, 0, 0], [0, 1], [0, 1, 0]]
score: 200.0
----------------------------------------------------------------
isp: []
tc: [[0, 0, 0, 0, 0], [0, 0, 0], [0, 0, 0, 0, 0], [0, 0, 2], [0, 0, 2], [0, 1], [0, 1, 0]]
score: 420.0
----------------------------------------------------------------
isp: []
tc: [[1, 0, 0, 0, 0], [0, 1, 0], [0, 0, 0, 0, 0], [0, 0, 3], [0, 0, 1], [0, 1], [0, 0, 1]]
score: 611.0
----------------------------------------------------------------
isp: []
tc: [[0, 0, 0, 0, 0], [0, 0, 0], [1, 0, 0, 0, 0], [0, 0, 2], [0, 0, 0], [0, 1], [0, 1, 0]]
score: 410.0

