----------------------------------------------------------------
isp: [[0, 1, 0, 0, 0], [0, 0, 1], [0, 0, 1, 0, 0], [0, 1, 2], [0, 1, 0], [0, 1], [0, 1, 0]]
tc: [[0, 0, 0, 0, 0], [0, 0, 0], [0, 0, 0, 0, 0], [0, 0, 2], [0, 0, 1], [0, 1], [0, 1, 0]]
score: 121.1
----------------------------------------------------------------
isp: [[0, 1, 0, 0, 0], [0, 0, 1], [0, 0, 1, 0, 0], [0, 1, 2], [0, 1, 0], [0, 1], [0, 1, 0]]
tc: [[0, 0, 0, 0, 0], [0, 0, 0], [0, 1, 0, 0, 0], [0, 0, 2], [0, 0, 0], [0, 1], [0, 1, 0]]
score: 121.1
----------------------------------------------------------------
isp: [[0, 1, 0, 0, 0], [0, 0, 1], [0, 0, 1, 0, 0], [0, 1, 2], [0, 1, 0], [0, 1], [0, 1, 0]]
tc: [[0, 0, 0, 1, 0], [0, 0, 1], [0, 0, 0, 0, 0], [0, 0, 2], [0, 0, 1], [0, 1], [0, 1, 0]]
score: 231.1
----------------------------------------------------------------
isp: [[0, 1, 0, 0, 0], [0, 0, 1], [0, 0, 1, 0, 0], [0, 1, 2], [0, 1, 0], [0, 1], [0, 1, 0]]
tc: [[0, 0, 0, 0, 0], [0, 0, 0], [0, 0, 0, 0, 0], [0, 0, 2], [0, 0, 1], [0, 1], [0, 1, 0]]
score: 121.1
----------------------------------------------------------------
isp: [[0, 1, 0, 0, 0], [0, 0, 1], [0, 0, 1, 0, 0], [0, 1, 2], [0, 1, 0], [0, 1], [0, 1, 0]]
tc: [[0, 0, 0, 0, 0], [0, 0, 0], [0, 0, 0, 0, 0], [0, 0, 0], [0, 0, 0], [0, 1], [0, 1, 0]]
score: 20.0
----------------------------------------------------------------
isp: [[0, 1, 0, 0, 0], [0, 0, 1], [0, 0, 1, 0, 0], [0, 1, 2], [0, 1, 0], [0, 1], [0, 1, 0]]
tc: [[0, 0, 0, 0, 0], [0, 0, 0], [0, 0, 0, 0, 0], [0, 0, 0], [0, 0, 0], [0, 1], [0, 1, 0]]
score: 20.0
----------------------------------------------------------------
isp: [[0, 1, 0, 0, 0], [0, 0, 1], [0, 0, 1, 0, 0], [0, 1, 2], [0, 1, 0], [0, 1], [0, 1, 0]]
tc: [[0, 0, 0, 0, 0], [0, 0, 0], [0, 0, 0, 0, 0], [0, 0, 0], [0, 0, 0], [0, 1], [0, 1, 0]]
score: 20.0
----------------------------------------------------------------
isp: [[0, 1, 0, 0, 0], [0, 0, 1], [0, 0, 1, 0, 0], [0, 1, 2], [0, 1, 0], [0, 1], [0, 1, 0]]
tc: [[0, 0, 0, 0, 0], [0, 0, 0], [0, 0, 0, 0, 0], [0, 0, 1], [0, 0, 1], [0, 1], [0, 1, 0]]
score: 121.0
----------------------------------------------------------------
isp: [[0, 1, 0, 0, 0], [0, 0, 1], [0, 0, 1, 0, 0], [0, 1, 2], [0, 1, 0], [0, 1], [0, 1, 0]]
tc: [[0, 0, 0, 0, 0], [0, 0, 0], [0, 2, 0, 0, 0], [0, 0, 1], [0, 0, 1], [0, 1], [0, 1, 0]]
score: 231.0
----------------------------------------------------------------
isp: [[0, 1, 0, 0, 0], [0, 0, 1], [0, 0, 1, 0, 0], [0, 1, 2], [0, 1, 0], [0, 1], [0, 1, 0]]
tc: [[0, 0, 0, 0, 0], [0, 0, 0], [0, 0, 0, 0, 0], [0, 0, 0], [0, 0, 0], [0, 1], [0, 1, 0]]
score: 20.0

