----------------------------------------------------------------
isp: [[0, 2, 0, 1, 0], [0, 0, 3], [4, 7, 1, 0, 0], [1, 0, 22], [0, 0, 11], [4, 6], [1, 8, 1]]
tc: [[0, 0, 0, 0, 0], [0, 0, 0], [1, 0, 0, 0, 0], [0, 0, 1], [0, 0, 1], [0, 1], [0, 1, 0]]
score: 0.010101001
----------------------------------------------------------------
isp: [[0, 2, 0, 1, 0], [0, 0, 3], [4, 7, 1, 0, 0], [1, 0, 22], [0, 0, 11], [4, 6], [1, 8, 1]]
tc: [[0, 0, 0, 0, 0], [0, 0, 0], [0, 0, 0, 0, 0], [0, 0, 0], [0, 0, 0], [0, 1], [0, 1, 0]]
score: 1.01E-4
----------------------------------------------------------------
isp: [[0, 2, 0, 1, 0], [0, 0, 3], [4, 7, 1, 0, 0], [1, 0, 22], [0, 0, 11], [4, 6], [1, 8, 1]]
tc: [[0, 0, 0, 0, 0], [0, 0, 0], [0, 0, 0, 0, 0], [0, 0, 2], [0, 0, 1], [0, 1], [0, 1, 0]]
score: 1.01000995E-4
----------------------------------------------------------------
isp: [[0, 2, 0, 1, 0], [0, 0, 3], [4, 7, 1, 0, 0], [1, 0, 22], [0, 0, 11], [4, 6], [1, 8, 1]]
tc: [[0, 0, 0, 0, 0], [0, 0, 0], [0, 0, 0, 0, 0], [0, 0, 2], [0, 0, 2], [1, 0], [0, 1, 0]]
score: 0.010001001
----------------------------------------------------------------
isp: [[0, 2, 0, 1, 0], [0, 0, 3], [4, 7, 1, 0, 0], [1, 0, 22], [0, 0, 11], [4, 6], [1, 8, 1]]
tc: [[0, 0, 0, 0, 0], [0, 0, 0], [0, 0, 0, 0, 0], [0, 0, 1], [0, 0, 0], [0, 1], [0, 1, 0]]
score: 1.01E-4
----------------------------------------------------------------
isp: [[0, 2, 0, 1, 0], [0, 0, 3], [4, 7, 1, 0, 0], [1, 0, 22], [0, 0, 11], [4, 6], [1, 8, 1]]
tc: [[0, 0, 0, 0, 0], [0, 0, 0], [0, 0, 0, 0, 0], [0, 0, 1], [0, 0, 0], [0, 1], [0, 1, 0]]
score: 1.01E-4
----------------------------------------------------------------
isp: [[0, 2, 0, 1, 0], [0, 0, 3], [4, 7, 1, 0, 0], [1, 0, 22], [0, 0, 11], [4, 6], [1, 8, 1]]
tc: [[0, 0, 0, 0, 0], [0, 0, 0], [0, 0, 0, 0, 0], [0, 0, 0], [0, 0, 0], [0, 1], [0, 1, 0]]
score: 1.01E-4
----------------------------------------------------------------
isp: [[0, 2, 0, 1, 0], [0, 0, 3], [4, 7, 1, 0, 0], [1, 0, 22], [0, 0, 11], [4, 6], [1, 8, 1]]
tc: [[0, 0, 0, 0, 0], [0, 0, 0], [0, 0, 0, 0, 0], [0, 0, 0], [0, 0, 0], [0, 1], [0, 1, 0]]
score: 1.01E-4
----------------------------------------------------------------
isp: [[0, 2, 0, 1, 0], [0, 0, 3], [4, 7, 1, 0, 0], [1, 0, 22], [0, 0, 11], [4, 6], [1, 8, 1]]
tc: [[0, 0, 0, 0, 0], [0, 0, 0], [0, 0, 0, 0, 0], [0, 0, 0], [0, 0, 0], [0, 1], [0, 1, 0]]
score: 1.01E-4
----------------------------------------------------------------
isp: [[0, 2, 0, 1, 0], [0, 0, 3], [4, 7, 1, 0, 0], [1, 0, 22], [0, 0, 11], [4, 6], [1, 8, 1]]
tc: [[0, 0, 0, 0, 0], [0, 0, 0], [0, 0, 0, 0, 0], [0, 0, 1], [0, 0, 0], [1, 0], [0, 1, 0]]
score: 0.010001

