----------------------------------------------------------------
isp: [[0, 2, 0, 1, 0], [0, 0, 3], [5, 7, 1, 0, 0], [1, 0, 23], [0, 0, 12], [4, 7], [1, 9, 1]]
tc: [[0, 0, 0, 0, 0], [0, 0, 0], [0, 0, 0, 0, 0], [0, 0, 0], [0, 0, 0], [0, 1], [0, 1, 0]]
score: 1.01E-5
----------------------------------------------------------------
isp: [[0, 2, 0, 1, 0], [0, 0, 3], [5, 7, 1, 0, 0], [1, 0, 23], [0, 0, 12], [4, 7], [1, 9, 1]]
tc: [[0, 0, 0, 0, 0], [0, 0, 0], [0, 0, 0, 0, 0], [0, 0, 2], [0, 0, 1], [1, 0], [0, 0, 1]]
score: 10.01
----------------------------------------------------------------
isp: [[0, 2, 0, 1, 0], [0, 0, 3], [5, 7, 1, 0, 0], [1, 0, 23], [0, 0, 12], [4, 7], [1, 9, 1]]
tc: [[1, 0, 0, 0, 0], [0, 1, 0], [0, 0, 0, 0, 0], [0, 0, 2], [0, 1, 1], [0, 1], [0, 1, 0]]
score: 300.0
----------------------------------------------------------------
isp: [[0, 2, 0, 1, 0], [0, 0, 3], [5, 7, 1, 0, 0], [1, 0, 23], [0, 0, 12], [4, 7], [1, 9, 1]]
tc: [[0, 0, 0, 0, 0], [0, 0, 0], [0, 0, 0, 0, 0], [0, 0, 0], [0, 0, 0], [0, 1], [0, 1, 0]]
score: 1.01E-5
----------------------------------------------------------------
isp: [[0, 2, 0, 1, 0], [0, 0, 3], [5, 7, 1, 0, 0], [1, 0, 23], [0, 0, 12], [4, 7], [1, 9, 1]]
tc: [[0, 0, 0, 0, 0], [0, 0, 0], [2, 1, 0, 0, 0], [0, 0, 1], [0, 0, 1], [0, 1], [0, 1, 0]]
score: 0.0011201
----------------------------------------------------------------
isp: [[0, 2, 0, 1, 0], [0, 0, 3], [5, 7, 1, 0, 0], [1, 0, 23], [0, 0, 12], [4, 7], [1, 9, 1]]
tc: [[0, 0, 0, 0, 0], [0, 0, 0], [0, 0, 0, 0, 0], [0, 0, 2], [0, 0, 1], [0, 1], [0, 0, 1]]
score: 10.00001
----------------------------------------------------------------
isp: [[0, 2, 0, 1, 0], [0, 0, 3], [5, 7, 1, 0, 0], [1, 0, 23], [0, 0, 12], [4, 7], [1, 9, 1]]
tc: [[0, 0, 0, 0, 0], [0, 0, 0], [0, 0, 0, 0, 0], [0, 0, 1], [0, 0, 0], [0, 1], [0, 1, 0]]
score: 1.01E-5
----------------------------------------------------------------
isp: [[0, 2, 0, 1, 0], [0, 0, 3], [5, 7, 1, 0, 0], [1, 0, 23], [0, 0, 12], [4, 7], [1, 9, 1]]
tc: [[0, 0, 0, 0, 0], [0, 0, 0], [0, 0, 0, 0, 0], [0, 0, 0], [0, 0, 0], [0, 1], [0, 1, 0]]
score: 1.01E-5
----------------------------------------------------------------
isp: [[0, 2, 0, 1, 0], [0, 0, 3], [5, 7, 1, 0, 0], [1, 0, 23], [0, 0, 12], [4, 7], [1, 9, 1]]
tc: [[0, 0, 0, 0, 0], [0, 0, 0], [0, 0, 0, 0, 0], [0, 0, 0], [0, 0, 0], [0, 1], [0, 1, 0]]
score: 1.01E-5
----------------------------------------------------------------
isp: [[0, 2, 0, 1, 0], [0, 0, 3], [5, 7, 1, 0, 0], [1, 0, 23], [0, 0, 12], [4, 7], [1, 9, 1]]
tc: [[0, 0, 0, 0, 0], [0, 0, 0], [0, 0, 0, 0, 0], [0, 0, 0], [0, 0, 0], [0, 1], [0, 1, 0]]
score: 1.01E-5

