----------------------------------------------------------------
isp: [[1, 2, 0, 1, 0], [0, 1, 3], [5, 7, 1, 0, 0], [1, 0, 25], [0, 1, 13], [4, 8], [1, 10, 1]]
tc: [[0, 0, 0, 0, 0], [0, 0, 0], [0, 0, 0, 0, 0], [0, 0, 0], [0, 0, 0], [0, 1], [0, 1, 0]]
score: 1.01E-6
----------------------------------------------------------------
isp: [[1, 2, 0, 1, 0], [0, 1, 3], [5, 7, 1, 0, 0], [1, 0, 25], [0, 1, 13], [4, 8], [1, 10, 1]]
tc: [[0, 0, 0, 0, 0], [0, 0, 0], [0, 0, 0, 0, 0], [0, 0, 0], [0, 0, 0], [0, 1], [0, 1, 0]]
score: 1.01E-6
----------------------------------------------------------------
isp: [[1, 2, 0, 1, 0], [0, 1, 3], [5, 7, 1, 0, 0], [1, 0, 25], [0, 1, 13], [4, 8], [1, 10, 1]]
tc: [[0, 0, 0, 0, 0], [0, 0, 0], [0, 0, 0, 0, 0], [0, 0, 0], [0, 0, 0], [0, 1], [0, 1, 0]]
score: 1.01E-6
----------------------------------------------------------------
isp: [[1, 2, 0, 1, 0], [0, 1, 3], [5, 7, 1, 0, 0], [1, 0, 25], [0, 1, 13], [4, 8], [1, 10, 1]]
tc: [[0, 0, 0, 0, 0], [0, 0, 0], [0, 0, 0, 0, 0], [0, 0, 0], [0, 0, 0], [0, 1], [0, 1, 0]]
score: 1.01E-6
----------------------------------------------------------------
isp: [[1, 2, 0, 1, 0], [0, 1, 3], [5, 7, 1, 0, 0], [1, 0, 25], [0, 1, 13], [4, 8], [1, 10, 1]]
tc: [[0, 0, 0, 0, 0], [0, 0, 0], [0, 0, 0, 0, 0], [0, 0, 0], [0, 0, 0], [0, 1], [0, 1, 0]]
score: 1.01E-6
----------------------------------------------------------------
isp: [[1, 2, 0, 1, 0], [0, 1, 3], [5, 7, 1, 0, 0], [1, 0, 25], [0, 1, 13], [4, 8], [1, 10, 1]]
tc: [[0, 0, 0, 0, 0], [0, 0, 0], [0, 0, 0, 0, 0], [0, 0, 1], [0, 0, 1], [0, 1], [0, 0, 1]]
score: 10.000001
----------------------------------------------------------------
isp: [[1, 2, 0, 1, 0], [0, 1, 3], [5, 7, 1, 0, 0], [1, 0, 25], [0, 1, 13], [4, 8], [1, 10, 1]]
tc: [[0, 1, 0, 0, 0], [0, 0, 1], [0, 0, 1, 0, 0], [0, 1, 1], [0, 0, 1], [0, 1], [0, 1, 0]]
score: 111.1
----------------------------------------------------------------
isp: [[1, 2, 0, 1, 0], [0, 1, 3], [5, 7, 1, 0, 0], [1, 0, 25], [0, 1, 13], [4, 8], [1, 10, 1]]
tc: [[0, 0, 0, 0, 0], [0, 0, 0], [0, 0, 0, 0, 0], [0, 0, 3], [0, 0, 1], [1, 0], [0, 1, 0]]
score: 0.01000001
----------------------------------------------------------------
isp: [[1, 2, 0, 1, 0], [0, 1, 3], [5, 7, 1, 0, 0], [1, 0, 25], [0, 1, 13], [4, 8], [1, 10, 1]]
tc: [[0, 0, 0, 0, 0], [0, 0, 0], [0, 0, 0, 0, 0], [0, 0, 0], [0, 0, 0], [0, 1], [0, 1, 0]]
score: 1.01E-6
----------------------------------------------------------------
isp: [[1, 2, 0, 1, 0], [0, 1, 3], [5, 7, 1, 0, 0], [1, 0, 25], [0, 1, 13], [4, 8], [1, 10, 1]]
tc: [[0, 0, 0, 0, 0], [0, 0, 0], [0, 1, 0, 0, 0], [0, 0, 2], [0, 0, 1], [0, 1], [0, 1, 0]]
score: 1.101001E-5

