----------------------------------------------------------------
isp: [[1, 3, 0, 1, 0], [0, 1, 4], [5, 7, 2, 0, 0], [1, 1, 26], [0, 1, 14], [4, 9], [1, 11, 1]]
tc: [[0, 0, 0, 0, 0], [0, 0, 0], [0, 1, 0, 0, 0], [0, 0, 3], [0, 0, 0], [0, 1], [0, 1, 0]]
score: 1.0101E-5
----------------------------------------------------------------
isp: [[1, 3, 0, 1, 0], [0, 1, 4], [5, 7, 2, 0, 0], [1, 1, 26], [0, 1, 14], [4, 9], [1, 11, 1]]
tc: [[0, 0, 0, 0, 0], [0, 0, 0], [0, 0, 0, 0, 0], [0, 0, 0], [0, 0, 0], [0, 1], [0, 1, 0]]
score: 1.01E-7
----------------------------------------------------------------
isp: [[1, 3, 0, 1, 0], [0, 1, 4], [5, 7, 2, 0, 0], [1, 1, 26], [0, 1, 14], [4, 9], [1, 11, 1]]
tc: [[0, 0, 0, 0, 0], [0, 0, 0], [0, 0, 0, 0, 0], [0, 0, 2], [0, 0, 1], [0, 1], [0, 1, 0]]
score: 1.01001E-7
----------------------------------------------------------------
isp: [[1, 3, 0, 1, 0], [0, 1, 4], [5, 7, 2, 0, 0], [1, 1, 26], [0, 1, 14], [4, 9], [1, 11, 1]]
tc: [[0, 0, 0, 0, 0], [0, 0, 0], [0, 0, 0, 0, 0], [0, 0, 1], [0, 0, 1], [0, 1], [0, 1, 0]]
score: 1.01001E-7
----------------------------------------------------------------
isp: [[1, 3, 0, 1, 0], [0, 1, 4], [5, 7, 2, 0, 0], [1, 1, 26], [0, 1, 14], [4, 9], [1, 11, 1]]
tc: [[0, 0, 0, 0, 0], [0, 0, 0], [0, 0, 0, 0, 0], [0, 0, 2], [0, 0, 0], [0, 1], [0, 1, 0]]
score: 1.01E-7
----------------------------------------------------------------
isp: [[1, 3, 0, 1, 0], [0, 1, 4], [5, 7, 2, 0, 0], [1, 1, 26], [0, 1, 14], [4, 9], [1, 11, 1]]
tc: [[0, 0, 0, 0, 0], [0, 0, 0], [0, 0, 0, 0, 0], [0, 0, 1], [0, 0, 0], [0, 1], [0, 1, 0]]
score: 1.01E-7
----------------------------------------------------------------
isp: [[1, 3, 0, 1, 0], [0, 1, 4], [5, 7, 2, 0, 0], [1, 1, 26], [0, 1, 14], [4, 9], [1, 11, 1]]
tc: [[0, 0, 0, 0, 0], [0, 0, 0], [0, 0, 0, 0, 0], [0, 0, 0], [0, 0, 0], [0, 1], [0, 1, 0]]
score: 1.01E-7
----------------------------------------------------------------
isp: [[1, 3, 0, 1, 0], [0, 1, 4], [5, 7, 2, 0, 0], [1, 1, 26], [0, 1, 14], [4, 9], [1, 11, 1]]
tc: [[0, 0, 0, 0, 0], [0, 0, 0], [1, 0, 0, 0, 0], [0, 0, 2], [0, 0, 2], [0, 1], [0, 1, 0]]
score: 0.0010001011
----------------------------------------------------------------
isp: [[1, 3, 0, 1, 0], [0, 1, 4], [5, 7, 2, 0, 0], [1, 1, 26], [0, 1, 14], [4, 9], [1, 11, 1]]
tc: [[0, 0, 0, 0, 0], [0, 0, 0], [0, 2, 0, 0, 0], [0, 0, 1], [0, 0, 1], [0, 1], [0, 1, 0]]
score: 1.1101001E-5
----------------------------------------------------------------
isp: [[1, 3, 0, 1, 0], [0, 1, 4], [5, 7, 2, 0, 0], [1, 1, 26], [0, 1, 14], [4, 9], [1, 11, 1]]
tc: [[0, 0, 0, 0, 0], [0, 0, 0], [0, 0, 0, 0, 0], [0, 0, 2], [0, 0, 1], [1, 0], [0, 1, 0]]
score: 0.010000001

