----------------------------------------------------------------
isp: [[1, 3, 0, 1, 0], [0, 1, 4], [5, 7, 2, 0, 0], [1, 1, 28], [0, 1, 15], [5, 9], [1, 12, 1]]
tc: [[0, 0, 0, 0, 0], [0, 0, 0], [0, 0, 0, 0, 0], [0, 0, 0], [0, 0, 0], [0, 1], [0, 1, 0]]
score: 1.001E-7
----------------------------------------------------------------
isp: [[1, 3, 0, 1, 0], [0, 1, 4], [5, 7, 2, 0, 0], [1, 1, 28], [0, 1, 15], [5, 9], [1, 12, 1]]
tc: [[0, 0, 0, 0, 0], [0, 0, 0], [0, 1, 0, 0, 0], [0, 0, 1], [0, 0, 1], [0, 1], [0, 1, 0]]
score: 1.01001E-5
----------------------------------------------------------------
isp: [[1, 3, 0, 1, 0], [0, 1, 4], [5, 7, 2, 0, 0], [1, 1, 28], [0, 1, 15], [5, 9], [1, 12, 1]]
tc: [[0, 0, 0, 0, 0], [0, 0, 0], [0, 0, 0, 0, 0], [0, 0, 0], [0, 0, 0], [0, 1], [0, 1, 0]]
score: 1.001E-7
----------------------------------------------------------------
isp: [[1, 3, 0, 1, 0], [0, 1, 4], [5, 7, 2, 0, 0], [1, 1, 28], [0, 1, 15], [5, 9], [1, 12, 1]]
tc: [[0, 0, 0, 0, 0], [0, 0, 0], [0, 0, 0, 0, 0], [0, 0, 1], [0, 0, 1], [1, 0], [0, 1, 0]]
score: 0.0010000002
----------------------------------------------------------------
isp: [[1, 3, 0, 1, 0], [0, 1, 4], [5, 7, 2, 0, 0], [1, 1, 28], [0, 1, 15], [5, 9], [1, 12, 1]]
tc: [[0, 0, 0, 0, 0], [0, 0, 0], [0, 0, 0, 0, 0], [0, 0, 1], [0, 0, 1], [0, 1], [0, 1, 0]]
score: 1.001001E-7
----------------------------------------------------------------
isp: [[1, 3, 0, 1, 0], [0, 1, 4], [5, 7, 2, 0, 0], [1, 1, 28], [0, 1, 15], [5, 9], [1, 12, 1]]
tc: [[0, 1, 0, 0, 0], [0, 0, 1], [1, 0, 1, 0, 0], [1, 0, 4], [0, 1, 2], [1, 0], [1, 0, 0]]
score: 31.112
----------------------------------------------------------------
isp: [[1, 3, 0, 1, 0], [0, 1, 4], [5, 7, 2, 0, 0], [1, 1, 28], [0, 1, 15], [5, 9], [1, 12, 1]]
tc: [[0, 0, 0, 0, 0], [0, 0, 0], [0, 0, 0, 0, 0], [0, 0, 1], [0, 0, 0], [0, 1], [0, 1, 0]]
score: 1.001E-7
----------------------------------------------------------------
isp: [[1, 3, 0, 1, 0], [0, 1, 4], [5, 7, 2, 0, 0], [1, 1, 28], [0, 1, 15], [5, 9], [1, 12, 1]]
tc: [[0, 0, 0, 0, 0], [0, 0, 0], [0, 0, 0, 0, 0], [0, 0, 2], [0, 0, 0], [0, 1], [0, 1, 0]]
score: 1.001E-7
----------------------------------------------------------------
isp: [[1, 3, 0, 1, 0], [0, 1, 4], [5, 7, 2, 0, 0], [1, 1, 28], [0, 1, 15], [5, 9], [1, 12, 1]]
tc: [[0, 0, 0, 0, 0], [0, 0, 0], [3, 0, 0, 0, 0], [0, 0, 1], [0, 0, 1], [0, 1], [0, 1, 0]]
score: 0.0011101001
----------------------------------------------------------------
isp: [[1, 3, 0, 1, 0], [0, 1, 4], [5, 7, 2, 0, 0], [1, 1, 28], [0, 1, 15], [5, 9], [1, 12, 1]]
tc: [[0, 0, 0, 0, 0], [0, 0, 0], [0, 0, 0, 0, 0], [0, 0, 1], [0, 0, 0], [0, 1], [0, 1, 0]]
score: 1.001E-7

