----------------------------------------------------------------
isp: [[1, 4, 0, 1, 0], [0, 1, 5], [6, 7, 3, 0, 0], [2, 1, 32], [0, 2, 17], [6, 9], [2, 12, 1]]
tc: [[0, 0, 0, 0, 0], [0, 0, 0], [0, 1, 0, 0, 0], [0, 0, 1], [0, 0, 0], [0, 1], [0, 1, 0]]
score: 1.01001E-5
----------------------------------------------------------------
isp: [[1, 4, 0, 1, 0], [0, 1, 5], [6, 7, 3, 0, 0], [2, 1, 32], [0, 2, 17], [6, 9], [2, 12, 1]]
tc: [[0, 0, 0, 0, 0], [0, 0, 0], [0, 0, 0, 0, 0], [0, 0, 1], [0, 0, 1], [0, 1], [0, 1, 0]]
score: 1.001E-7
----------------------------------------------------------------
isp: [[1, 4, 0, 1, 0], [0, 1, 5], [6, 7, 3, 0, 0], [2, 1, 32], [0, 2, 17], [6, 9], [2, 12, 1]]
tc: [[0, 0, 0, 0, 0], [0, 0, 0], [0, 3, 0, 0, 0], [0, 0, 1], [0, 0, 0], [0, 1], [0, 1, 0]]
score: 1.12001E-5
----------------------------------------------------------------
isp: [[1, 4, 0, 1, 0], [0, 1, 5], [6, 7, 3, 0, 0], [2, 1, 32], [0, 2, 17], [6, 9], [2, 12, 1]]
tc: [[0, 0, 0, 0, 0], [0, 0, 0], [0, 0, 0, 0, 0], [0, 0, 0], [0, 0, 0], [0, 1], [0, 1, 0]]
score: 1.001E-7
----------------------------------------------------------------
isp: [[1, 4, 0, 1, 0], [0, 1, 5], [6, 7, 3, 0, 0], [2, 1, 32], [0, 2, 17], [6, 9], [2, 12, 1]]
tc: [[0, 0, 0, 0, 0], [0, 0, 0], [1, 1, 0, 0, 0], [0, 0, 2], [0, 0, 1], [0, 1], [0, 1, 0]]
score: 1.10100096E-4
----------------------------------------------------------------
isp: [[1, 4, 0, 1, 0], [0, 1, 5], [6, 7, 3, 0, 0], [2, 1, 32], [0, 2, 17], [6, 9], [2, 12, 1]]
tc: [[0, 0, 0, 0, 0], [0, 0, 0], [0, 1, 0, 0, 0], [0, 0, 1], [0, 0, 1], [0, 1], [0, 1, 0]]
score: 1.01001E-5
----------------------------------------------------------------
isp: [[1, 4, 0, 1, 0], [0, 1, 5], [6, 7, 3, 0, 0], [2, 1, 32], [0, 2, 17], [6, 9], [2, 12, 1]]
tc: [[0, 0, 0, 0, 0], [0, 0, 0], [0, 0, 0, 0, 0], [0, 0, 1], [0, 0, 1], [0, 1], [0, 1, 0]]
score: 1.001E-7
----------------------------------------------------------------
isp: [[1, 4, 0, 1, 0], [0, 1, 5], [6, 7, 3, 0, 0], [2, 1, 32], [0, 2, 17], [6, 9], [2, 12, 1]]
tc: [[0, 0, 0, 0, 0], [0, 0, 0], [0, 0, 0, 0, 0], [0, 0, 2], [0, 0, 1], [0, 1], [0, 1, 0]]
score: 1.001E-7
----------------------------------------------------------------
isp: [[1, 4, 0, 1, 0], [0, 1, 5], [6, 7, 3, 0, 0], [2, 1, 32], [0, 2, 17], [6, 9], [2, 12, 1]]
tc: [[0, 0, 0, 0, 0], [0, 0, 0], [1, 0, 0, 0, 0], [0, 0, 1], [0, 0, 0], [0, 1], [0, 1, 0]]
score: 1.001001E-4
----------------------------------------------------------------
isp: [[1, 4, 0, 1, 0], [0, 1, 5], [6, 7, 3, 0, 0], [2, 1, 32], [0, 2, 17], [6, 9], [2, 12, 1]]
tc: [[0, 0, 0, 0, 0], [0, 0, 0], [0, 0, 0, 0, 0], [0, 0, 3], [0, 0, 1], [0, 1], [1, 0, 0]]
score: 1.0000001

