----------------------------------------------------------------
isp: [[1, 4, 0, 1, 0], [0, 1, 5], [6, 7, 3, 0, 0], [2, 1, 35], [0, 2, 18], [6, 10], [3, 12, 1]]
tc: [[0, 0, 0, 0, 0], [0, 0, 0], [0, 1, 0, 0, 0], [0, 0, 1], [0, 0, 0], [0, 1], [0, 1, 0]]
score: 1.00101E-5
----------------------------------------------------------------
isp: [[1, 4, 0, 1, 0], [0, 1, 5], [6, 7, 3, 0, 0], [2, 1, 35], [0, 2, 18], [6, 10], [3, 12, 1]]
tc: [[0, 0, 0, 0, 0], [0, 0, 0], [0, 1, 0, 0, 0], [0, 0, 3], [0, 0, 3], [0, 1], [0, 1, 0]]
score: 1.00101E-5
----------------------------------------------------------------
isp: [[1, 4, 0, 1, 0], [0, 1, 5], [6, 7, 3, 0, 0], [2, 1, 35], [0, 2, 18], [6, 10], [3, 12, 1]]
tc: [[0, 0, 0, 0, 0], [0, 0, 0], [0, 0, 0, 0, 0], [0, 0, 0], [0, 0, 0], [0, 1], [0, 1, 0]]
score: 1.01E-8
----------------------------------------------------------------
isp: [[1, 4, 0, 1, 0], [0, 1, 5], [6, 7, 3, 0, 0], [2, 1, 35], [0, 2, 18], [6, 10], [3, 12, 1]]
tc: [[0, 0, 0, 0, 0], [0, 0, 0], [0, 0, 0, 0, 0], [0, 0, 1], [0, 0, 1], [0, 1], [0, 0, 1]]
score: 10.0
----------------------------------------------------------------
isp: [[1, 4, 0, 1, 0], [0, 1, 5], [6, 7, 3, 0, 0], [2, 1, 35], [0, 2, 18], [6, 10], [3, 12, 1]]
tc: [[0, 0, 0, 0, 0], [0, 0, 0], [0, 0, 0, 0, 0], [0, 0, 1], [0, 0, 0], [0, 1], [0, 1, 0]]
score: 1.01E-8
----------------------------------------------------------------
isp: [[1, 4, 0, 1, 0], [0, 1, 5], [6, 7, 3, 0, 0], [2, 1, 35], [0, 2, 18], [6, 10], [3, 12, 1]]
tc: [[0, 0, 0, 0, 0], [0, 0, 0], [2, 1, 0, 0, 0], [0, 0, 1], [0, 0, 1], [0, 1], [0, 1, 0]]
score: 1.20010096E-4
----------------------------------------------------------------
isp: [[1, 4, 0, 1, 0], [0, 1, 5], [6, 7, 3, 0, 0], [2, 1, 35], [0, 2, 18], [6, 10], [3, 12, 1]]
tc: [[0, 0, 0, 0, 0], [0, 0, 0], [1, 2, 0, 0, 0], [0, 0, 1], [0, 0, 1], [0, 1], [0, 1, 0]]
score: 1.110101E-4
----------------------------------------------------------------
isp: [[1, 4, 0, 1, 0], [0, 1, 5], [6, 7, 3, 0, 0], [2, 1, 35], [0, 2, 18], [6, 10], [3, 12, 1]]
tc: [[0, 0, 0, 0, 0], [0, 0, 0], [0, 0, 0, 0, 0], [0, 0, 0], [0, 0, 0], [0, 1], [0, 1, 0]]
score: 1.01E-8
----------------------------------------------------------------
isp: [[1, 4, 0, 1, 0], [0, 1, 5], [6, 7, 3, 0, 0], [2, 1, 35], [0, 2, 18], [6, 10], [3, 12, 1]]
tc: [[0, 0, 0, 0, 0], [0, 0, 0], [0, 0, 0, 0, 0], [0, 0, 2], [0, 0, 1], [1, 0], [0, 1, 0]]
score: 1.000001E-4
----------------------------------------------------------------
isp: [[1, 4, 0, 1, 0], [0, 1, 5], [6, 7, 3, 0, 0], [2, 1, 35], [0, 2, 18], [6, 10], [3, 12, 1]]
tc: [[0, 0, 0, 0, 0], [0, 0, 0], [0, 0, 0, 0, 0], [0, 0, 0], [0, 0, 0], [0, 1], [0, 1, 0]]
score: 1.01E-8

