----------------------------------------------------------------
isp: [[1, 4, 0, 1, 0], [0, 1, 5], [6, 7, 3, 0, 0], [2, 1, 36], [0, 2, 19], [6, 11], [3, 12, 2]]
tc: [[0, 0, 0, 0, 0], [0, 0, 0], [0, 0, 0, 0, 0], [0, 0, 3], [0, 0, 0], [1, 0], [0, 1, 0]]
score: 1.000001E-4
----------------------------------------------------------------
isp: [[1, 4, 0, 1, 0], [0, 1, 5], [6, 7, 3, 0, 0], [2, 1, 36], [0, 2, 19], [6, 11], [3, 12, 2]]
tc: [[0, 0, 0, 0, 0], [0, 0, 0], [0, 2, 0, 0, 0], [0, 0, 3], [0, 0, 1], [0, 1], [1, 0, 0]]
score: 0.100011006
----------------------------------------------------------------
isp: [[1, 4, 0, 1, 0], [0, 1, 5], [6, 7, 3, 0, 0], [2, 1, 36], [0, 2, 19], [6, 11], [3, 12, 2]]
tc: [[0, 0, 0, 0, 0], [0, 0, 0], [0, 0, 0, 0, 0], [0, 0, 1], [0, 0, 0], [0, 1], [0, 1, 0]]
score: 1.1E-9
----------------------------------------------------------------
isp: [[1, 4, 0, 1, 0], [0, 1, 5], [6, 7, 3, 0, 0], [2, 1, 36], [0, 2, 19], [6, 11], [3, 12, 2]]
tc: [[0, 0, 0, 0, 0], [0, 0, 0], [0, 0, 0, 0, 0], [0, 0, 1], [0, 0, 1], [0, 1], [0, 1, 0]]
score: 1.1E-9
----------------------------------------------------------------
isp: [[1, 4, 0, 1, 0], [0, 1, 5], [6, 7, 3, 0, 0], [2, 1, 36], [0, 2, 19], [6, 11], [3, 12, 2]]
tc: [[0, 0, 0, 0, 0], [0, 0, 0], [0, 0, 0, 0, 0], [0, 0, 1], [0, 0, 0], [0, 1], [0, 1, 0]]
score: 1.1E-9
----------------------------------------------------------------
isp: [[1, 4, 0, 1, 0], [0, 1, 5], [6, 7, 3, 0, 0], [2, 1, 36], [0, 2, 19], [6, 11], [3, 12, 2]]
tc: [[0, 0, 0, 0, 0], [0, 0, 0], [0, 0, 0, 0, 0], [0, 0, 1], [0, 0, 1], [0, 1], [0, 1, 0]]
score: 1.1E-9
----------------------------------------------------------------
isp: [[1, 4, 0, 1, 0], [0, 1, 5], [6, 7, 3, 0, 0], [2, 1, 36], [0, 2, 19], [6, 11], [3, 12, 2]]
tc: [[0, 0, 0, 0, 0], [0, 0, 0], [0, 0, 0, 0, 0], [0, 0, 0], [0, 0, 0], [0, 1], [0, 1, 0]]
score: 1.1E-9
----------------------------------------------------------------
isp: [[1, 4, 0, 1, 0], [0, 1, 5], [6, 7, 3, 0, 0], [2, 1, 36], [0, 2, 19], [6, 11], [3, 12, 2]]
tc: [[0, 0, 0, 0, 0], [0, 0, 0], [0, 0, 0, 0, 0], [0, 0, 0], [0, 0, 0], [0, 1], [0, 1, 0]]
score: 1.1E-9
----------------------------------------------------------------
isp: [[1, 4, 0, 1, 0], [0, 1, 5], [6, 7, 3, 0, 0], [2, 1, 36], [0, 2, 19], [6, 11], [3, 12, 2]]
tc: [[0, 0, 0, 0, 0], [0, 0, 0], [0, 0, 0, 0, 0], [0, 0, 1], [0, 0, 0], [0, 1], [0, 1, 0]]
score: 1.1E-9
----------------------------------------------------------------
isp: [[1, 4, 0, 1, 0], [0, 1, 5], [6, 7, 3, 0, 0], [2, 1, 36], [0, 2, 19], [6, 11], [3, 12, 2]]
tc: [[0, 0, 0, 0, 0], [0, 0, 0], [0, 0, 0, 0, 0], [0, 0, 1], [0, 0, 0], [1, 0], [0, 1, 0]]
score: 1.000001E-4

