----------------------------------------------------------------
isp: [[1, 4, 0, 1, 0], [0, 1, 5], [6, 9, 3, 0, 0], [2, 1, 39], [0, 2, 20], [6, 12], [4, 12, 2]]
tc: [[0, 0, 0, 0, 0], [0, 0, 0], [0, 0, 0, 0, 0], [0, 0, 0], [0, 0, 0], [0, 1], [0, 1, 0]]
score: 2.0E-10
----------------------------------------------------------------
isp: [[1, 4, 0, 1, 0], [0, 1, 5], [6, 9, 3, 0, 0], [2, 1, 39], [0, 2, 20], [6, 12], [4, 12, 2]]
tc: [[0, 0, 0, 0, 0], [0, 0, 0], [0, 0, 0, 0, 0], [0, 0, 0], [0, 0, 0], [0, 1], [0, 1, 0]]
score: 2.0E-10
----------------------------------------------------------------
isp: [[1, 4, 0, 1, 0], [0, 1, 5], [6, 9, 3, 0, 0], [2, 1, 39], [0, 2, 20], [6, 12], [4, 12, 2]]
tc: [[0, 0, 0, 0, 0], [0, 0, 0], [0, 0, 0, 0, 0], [0, 0, 1], [0, 0, 1], [0, 1], [0, 1, 0]]
score: 2.0E-10
----------------------------------------------------------------
isp: [[1, 4, 0, 1, 0], [0, 1, 5], [6, 9, 3, 0, 0], [2, 1, 39], [0, 2, 20], [6, 12], [4, 12, 2]]
tc: [[0, 0, 0, 0, 0], [0, 0, 0], [0, 0, 0, 0, 0], [0, 0, 1], [0, 0, 0], [0, 1], [0, 1, 0]]
score: 2.0E-10
----------------------------------------------------------------
isp: [[1, 4, 0, 1, 0], [0, 1, 5], [6, 9, 3, 0, 0], [2, 1, 39], [0, 2, 20], [6, 12], [4, 12, 2]]
tc: [[0, 0, 0, 0, 0], [0, 0, 0], [0, 0, 0, 0, 0], [0, 0, 3], [0, 0, 1], [0, 1], [0, 1, 0]]
score: 2.0E-10
----------------------------------------------------------------
isp: [[1, 4, 0, 1, 0], [0, 1, 5], [6, 9, 3, 0, 0], [2, 1, 39], [0, 2, 20], [6, 12], [4, 12, 2]]
tc: [[0, 0, 0, 0, 0], [0, 0, 0], [0, 0, 0, 0, 0], [0, 0, 0], [0, 0, 0], [0, 1], [0, 1, 0]]
score: 2.0E-10
----------------------------------------------------------------
isp: [[1, 4, 0, 1, 0], [0, 1, 5], [6, 9, 3, 0, 0], [2, 1, 39], [0, 2, 20], [6, 12], [4, 12, 2]]
tc: [[0, 0, 0, 0, 0], [0, 0, 0], [0, 0, 0, 0, 0], [0, 0, 0], [0, 0, 0], [0, 1], [0, 1, 0]]
score: 2.0E-10
----------------------------------------------------------------
isp: [[1, 4, 0, 1, 0], [0, 1, 5], [6, 9, 3, 0, 0], [2, 1, 39], [0, 2, 20], [6, 12], [4, 12, 2]]
tc: [[0, 0, 0, 0, 0], [0, 0, 0], [0, 0, 0, 0, 0], [0, 0, 1], [0, 0, 1], [1, 0], [0, 1, 0]]
score: 1.000001E-4
----------------------------------------------------------------
isp: [[1, 4, 0, 1, 0], [0, 1, 5], [6, 9, 3, 0, 0], [2, 1, 39], [0, 2, 20], [6, 12], [4, 12, 2]]
tc: [[0, 0, 0, 0, 1], [0, 0, 1], [0, 1, 0, 0, 0], [0, 0, 3], [0, 1, 1], [1, 0], [0, 1, 0]]
score: 101.0011
----------------------------------------------------------------
isp: [[1, 4, 0, 1, 0], [0, 1, 5], [6, 9, 3, 0, 0], [2, 1, 39], [0, 2, 20], [6, 12], [4, 12, 2]]
tc: [[0, 0, 0, 0, 0], [0, 0, 0], [0, 0, 0, 0, 0], [0, 0, 0], [0, 0, 0], [0, 1], [0, 1, 0]]
score: 2.0E-10

