----------------------------------------------------------------
isp: [[0, 0, 0, 1, 0], [0, 0, 1], [1, 4, 0, 0, 0], [0, 0, 6], [0, 0, 1], [0, 2], [0, 1, 1]]
tc: [[0, 0, 0, 0, 0], [0, 0, 0], [0, 1, 0, 0, 0], [0, 0, 1], [0, 0, 1], [0, 1], [0, 1, 0]]
score: 21.010101
----------------------------------------------------------------
isp: [[0, 0, 0, 1, 0], [0, 0, 1], [1, 4, 0, 0, 0], [0, 0, 6], [0, 0, 1], [0, 2], [0, 1, 1]]
tc: [[0, 0, 0, 0, 0], [0, 0, 0], [0, 0, 0, 0, 0], [0, 0, 0], [0, 0, 0], [0, 1], [0, 1, 0]]
score: 11.0
----------------------------------------------------------------
isp: [[0, 0, 0, 1, 0], [0, 0, 1], [1, 4, 0, 0, 0], [0, 0, 6], [0, 0, 1], [0, 2], [0, 1, 1]]
tc: [[0, 0, 0, 0, 0], [0, 0, 0], [0, 0, 0, 0, 0], [0, 0, 1], [0, 0, 1], [0, 1], [0, 1, 0]]
score: 21.0001
----------------------------------------------------------------
isp: [[0, 0, 0, 1, 0], [0, 0, 1], [1, 4, 0, 0, 0], [0, 0, 6], [0, 0, 1], [0, 2], [0, 1, 1]]
tc: [[0, 0, 0, 0, 0], [0, 0, 0], [0, 1, 0, 0, 0], [0, 0, 1], [0, 0, 1], [0, 1], [0, 1, 0]]
score: 21.010101
----------------------------------------------------------------
isp: [[0, 0, 0, 1, 0], [0, 0, 1], [1, 4, 0, 0, 0], [0, 0, 6], [0, 0, 1], [0, 2], [0, 1, 1]]
tc: [[0, 0, 0, 0, 0], [0, 0, 0], [0, 0, 0, 0, 0], [0, 0, 2], [0, 0, 1], [0, 1], [0, 1, 0]]
score: 21.00011
----------------------------------------------------------------
isp: [[0, 0, 0, 1, 0], [0, 0, 1], [1, 4, 0, 0, 0], [0, 0, 6], [0, 0, 1], [0, 2], [0, 1, 1]]
tc: [[0, 0, 0, 0, 0], [0, 0, 0], [0, 0, 0, 0, 0], [0, 0, 0], [0, 0, 0], [0, 1], [0, 1, 0]]
score: 11.0
----------------------------------------------------------------
isp: [[0, 0, 0, 1, 0], [0, 0, 1], [1, 4, 0, 0, 0], [0, 0, 6], [0, 0, 1], [0, 2], [0, 1, 1]]
tc: [[0, 0, 0, 0, 0], [0, 0, 0], [0, 0, 0, 0, 0], [0, 0, 0], [0, 0, 0], [0, 1], [0, 1, 0]]
score: 11.0
----------------------------------------------------------------
isp: [[0, 0, 0, 1, 0], [0, 0, 1], [1, 4, 0, 0, 0], [0, 0, 6], [0, 0, 1], [0, 2], [0, 1, 1]]
tc: [[0, 0, 0, 0, 0], [0, 0, 0], [0, 0, 0, 0, 0], [0, 0, 2], [0, 0, 2], [1, 0], [0, 1, 0]]
score: 121.00011
----------------------------------------------------------------
isp: [[0, 0, 0, 1, 0], [0, 0, 1], [1, 4, 0, 0, 0], [0, 0, 6], [0, 0, 1], [0, 2], [0, 1, 1]]
tc: [[0, 0, 0, 0, 0], [0, 0, 0], [0, 0, 0, 0, 0], [0, 0, 1], [0, 0, 1], [0, 1], [0, 1, 0]]
score: 21.0001
----------------------------------------------------------------
isp: [[0, 0, 0, 1, 0], [0, 0, 1], [1, 4, 0, 0, 0], [0, 0, 6], [0, 0, 1], [0, 2], [0, 1, 1]]
tc: [[0, 0, 0, 0, 0], [0, 0, 0], [0, 0, 0, 0, 0], [0, 0, 2], [0, 0, 1], [0, 1], [0, 1, 0]]
score: 21.00011

