----------------------------------------------------------------
isp: [[0, 1, 0, 0, 1], [0, 1, 1], [2, 1, 1, 0, 0], [0, 1, 7], [0, 1, 2], [0, 3], [0, 3, 0]]
tc: [[0, 0, 0, 0, 0], [0, 0, 0], [0, 0, 0, 0, 0], [0, 0, 0], [0, 0, 0], [0, 1], [0, 1, 0]]
score: 0.2
----------------------------------------------------------------
isp: [[0, 1, 0, 0, 1], [0, 1, 1], [2, 1, 1, 0, 0], [0, 1, 7], [0, 1, 2], [0, 3], [0, 3, 0]]
tc: [[0, 0, 0, 0, 0], [0, 0, 0], [0, 2, 0, 0, 0], [0, 0, 1], [0, 0, 0], [0, 1], [0, 1, 0]]
score: 11.20001
----------------------------------------------------------------
isp: [[0, 1, 0, 0, 1], [0, 1, 1], [2, 1, 1, 0, 0], [0, 1, 7], [0, 1, 2], [0, 3], [0, 3, 0]]
tc: [[0, 0, 0, 0, 0], [0, 0, 0], [0, 0, 0, 0, 0], [0, 0, 0], [0, 0, 0], [0, 1], [0, 1, 0]]
score: 0.2
----------------------------------------------------------------
isp: [[0, 1, 0, 0, 1], [0, 1, 1], [2, 1, 1, 0, 0], [0, 1, 7], [0, 1, 2], [0, 3], [0, 3, 0]]
tc: [[0, 0, 0, 0, 0], [0, 0, 0], [0, 0, 0, 0, 0], [0, 0, 0], [0, 0, 0], [0, 1], [0, 1, 0]]
score: 0.2
----------------------------------------------------------------
isp: [[0, 1, 0, 0, 1], [0, 1, 1], [2, 1, 1, 0, 0], [0, 1, 7], [0, 1, 2], [0, 3], [0, 3, 0]]
tc: [[0, 0, 0, 0, 0], [0, 0, 0], [1, 1, 0, 0, 0], [0, 0, 3], [0, 0, 0], [0, 1], [1, 0, 0]]
score: 111.10001
----------------------------------------------------------------
isp: [[0, 1, 0, 0, 1], [0, 1, 1], [2, 1, 1, 0, 0], [0, 1, 7], [0, 1, 2], [0, 3], [0, 3, 0]]
tc: [[0, 0, 0, 0, 0], [0, 0, 0], [0, 0, 0, 0, 0], [0, 0, 0], [0, 0, 0], [0, 1], [0, 1, 0]]
score: 0.2
----------------------------------------------------------------
isp: [[0, 1, 0, 0, 1], [0, 1, 1], [2, 1, 1, 0, 0], [0, 1, 7], [0, 1, 2], [0, 3], [0, 3, 0]]
tc: [[1, 0, 0, 0, 0], [0, 1, 0], [0, 0, 0, 0, 0], [0, 0, 2], [0, 1, 0], [0, 1], [0, 1, 0]]
score: 120.200005
----------------------------------------------------------------
isp: [[0, 1, 0, 0, 1], [0, 1, 1], [2, 1, 1, 0, 0], [0, 1, 7], [0, 1, 2], [0, 3], [0, 3, 0]]
tc: [[0, 0, 0, 0, 0], [0, 0, 0], [0, 0, 0, 0, 0], [0, 0, 1], [0, 0, 1], [0, 1], [0, 1, 0]]
score: 1.2000101
----------------------------------------------------------------
isp: [[0, 1, 0, 0, 1], [0, 1, 1], [2, 1, 1, 0, 0], [0, 1, 7], [0, 1, 2], [0, 3], [0, 3, 0]]
tc: [[0, 0, 0, 0, 0], [0, 0, 0], [0, 0, 0, 0, 0], [0, 0, 2], [0, 0, 0], [0, 1], [0, 1, 0]]
score: 0.200011
----------------------------------------------------------------
isp: [[0, 1, 0, 0, 1], [0, 1, 1], [2, 1, 1, 0, 0], [0, 1, 7], [0, 1, 2], [0, 3], [0, 3, 0]]
tc: [[0, 0, 0, 0, 0], [0, 0, 0], [0, 0, 0, 0, 0], [0, 0, 0], [0, 0, 0], [0, 1], [0, 1, 0]]
score: 0.2

