----------------------------------------------------------------
isp: [[1, 1, 0, 0, 1], [0, 2, 1], [2, 1, 1, 0, 0], [0, 1, 9], [0, 2, 2], [0, 4], [0, 4, 0]]
tc: [[0, 0, 0, 0, 0], [0, 0, 0], [0, 0, 0, 0, 0], [0, 0, 1], [0, 0, 0], [0, 1], [0, 1, 0]]
score: 0.0200001
----------------------------------------------------------------
isp: [[1, 1, 0, 0, 1], [0, 2, 1], [2, 1, 1, 0, 0], [0, 1, 9], [0, 2, 2], [0, 4], [0, 4, 0]]
tc: [[0, 0, 0, 0, 0], [0, 0, 0], [0, 0, 0, 0, 0], [0, 0, 0], [0, 0, 0], [0, 1], [0, 1, 0]]
score: 0.02
----------------------------------------------------------------
isp: [[1, 1, 0, 0, 1], [0, 2, 1], [2, 1, 1, 0, 0], [0, 1, 9], [0, 2, 2], [0, 4], [0, 4, 0]]
tc: [[0, 0, 0, 0, 0], [0, 0, 0], [1, 0, 0, 0, 0], [0, 0, 3], [0, 0, 3], [0, 1], [0, 1, 0]]
score: 2.13
----------------------------------------------------------------
isp: [[1, 1, 0, 0, 1], [0, 2, 1], [2, 1, 1, 0, 0], [0, 1, 9], [0, 2, 2], [0, 4], [0, 4, 0]]
tc: [[0, 0, 0, 0, 0], [0, 0, 0], [0, 0, 0, 0, 0], [0, 0, 0], [0, 0, 0], [0, 1], [0, 1, 0]]
score: 0.02
----------------------------------------------------------------
isp: [[1, 1, 0, 0, 1], [0, 2, 1], [2, 1, 1, 0, 0], [0, 1, 9], [0, 2, 2], [0, 4], [0, 4, 0]]
tc: [[0, 0, 0, 0, 0], [0, 0, 0], [0, 0, 0, 0, 0], [0, 0, 0], [0, 0, 0], [0, 1], [0, 1, 0]]
score: 0.02
----------------------------------------------------------------
isp: [[1, 1, 0, 0, 1], [0, 2, 1], [2, 1, 1, 0, 0], [0, 1, 9], [0, 2, 2], [0, 4], [0, 4, 0]]
tc: [[0, 0, 0, 0, 0], [0, 0, 0], [1, 2, 0, 0, 0], [0, 0, 1], [0, 0, 0], [0, 1], [0, 1, 0]]
score: 12.02
----------------------------------------------------------------
isp: [[1, 1, 0, 0, 1], [0, 2, 1], [2, 1, 1, 0, 0], [0, 1, 9], [0, 2, 2], [0, 4], [0, 4, 0]]
tc: [[0, 0, 0, 0, 0], [0, 0, 0], [0, 0, 0, 0, 0], [0, 0, 0], [0, 0, 0], [0, 1], [0, 1, 0]]
score: 0.02
----------------------------------------------------------------
isp: [[1, 1, 0, 0, 1], [0, 2, 1], [2, 1, 1, 0, 0], [0, 1, 9], [0, 2, 2], [0, 4], [0, 4, 0]]
tc: [[0, 0, 0, 1, 0], [0, 0, 1], [0, 1, 0, 0, 0], [0, 0, 2], [0, 0, 1], [0, 1], [0, 1, 0]]
score: 121.020004
----------------------------------------------------------------
isp: [[1, 1, 0, 0, 1], [0, 2, 1], [2, 1, 1, 0, 0], [0, 1, 9], [0, 2, 2], [0, 4], [0, 4, 0]]
tc: [[0, 0, 0, 0, 0], [0, 0, 0], [0, 0, 0, 0, 0], [0, 0, 1], [0, 0, 0], [0, 1], [0, 1, 0]]
score: 0.0200001
----------------------------------------------------------------
isp: [[1, 1, 0, 0, 1], [0, 2, 1], [2, 1, 1, 0, 0], [0, 1, 9], [0, 2, 2], [0, 4], [0, 4, 0]]
tc: [[0, 0, 0, 0, 0], [0, 0, 0], [0, 1, 0, 0, 0], [0, 0, 1], [0, 0, 0], [0, 1], [0, 1, 0]]
score: 10.02

