----------------------------------------------------------------
isp: [[1, 1, 0, 1, 1], [0, 2, 2], [2, 2, 1, 0, 0], [0, 1, 11], [0, 2, 3], [0, 5], [0, 5, 0]]
tc: [[0, 0, 0, 0, 0], [0, 0, 0], [0, 0, 0, 0, 0], [0, 0, 1], [0, 0, 0], [1, 0], [0, 1, 0]]
score: 100.001
----------------------------------------------------------------
isp: [[1, 1, 0, 1, 1], [0, 2, 2], [2, 2, 1, 0, 0], [0, 1, 11], [0, 2, 3], [0, 5], [0, 5, 0]]
tc: [[0, 0, 0, 0, 0], [0, 0, 0], [0, 0, 0, 0, 0], [0, 0, 2], [0, 0, 2], [1, 0], [0, 1, 0]]
score: 100.111
----------------------------------------------------------------
isp: [[1, 1, 0, 1, 1], [0, 2, 2], [2, 2, 1, 0, 0], [0, 1, 11], [0, 2, 3], [0, 5], [0, 5, 0]]
tc: [[0, 0, 0, 0, 0], [0, 0, 0], [1, 0, 0, 0, 0], [0, 0, 1], [0, 0, 1], [0, 1], [0, 1, 0]]
score: 1.1020001
----------------------------------------------------------------
isp: [[1, 1, 0, 1, 1], [0, 2, 2], [2, 2, 1, 0, 0], [0, 1, 11], [0, 2, 3], [0, 5], [0, 5, 0]]
tc: [[0, 1, 0, 0, 0], [0, 0, 1], [1, 1, 0, 0, 0], [0, 0, 2], [0, 0, 0], [0, 1], [0, 1, 0]]
score: 13.002001
----------------------------------------------------------------
isp: [[1, 1, 0, 1, 1], [0, 2, 2], [2, 2, 1, 0, 0], [0, 1, 11], [0, 2, 3], [0, 5], [0, 5, 0]]
tc: [[0, 0, 0, 0, 0], [0, 0, 0], [0, 0, 0, 0, 0], [0, 0, 2], [0, 0, 1], [0, 1], [0, 1, 0]]
score: 0.102000006
----------------------------------------------------------------
isp: [[1, 1, 0, 1, 1], [0, 2, 2], [2, 2, 1, 0, 0], [0, 1, 11], [0, 2, 3], [0, 5], [0, 5, 0]]
tc: [[1, 0, 0, 0, 0], [0, 1, 0], [1, 1, 1, 0, 0], [1, 0, 1], [0, 1, 1], [0, 1], [0, 1, 0]]
score: 124.102
----------------------------------------------------------------
isp: [[1, 1, 0, 1, 1], [0, 2, 2], [2, 2, 1, 0, 0], [0, 1, 11], [0, 2, 3], [0, 5], [0, 5, 0]]
tc: [[0, 0, 0, 0, 0], [0, 0, 0], [0, 0, 0, 0, 0], [0, 0, 2], [0, 0, 1], [0, 1], [0, 1, 0]]
score: 0.102000006
----------------------------------------------------------------
isp: [[1, 1, 0, 1, 1], [0, 2, 2], [2, 2, 1, 0, 0], [0, 1, 11], [0, 2, 3], [0, 5], [0, 5, 0]]
tc: [[0, 0, 0, 0, 0], [0, 0, 0], [0, 0, 0, 0, 0], [0, 0, 0], [0, 0, 0], [0, 1], [0, 1, 0]]
score: 0.002
----------------------------------------------------------------
isp: [[1, 1, 0, 1, 1], [0, 2, 2], [2, 2, 1, 0, 0], [0, 1, 11], [0, 2, 3], [0, 5], [0, 5, 0]]
tc: [[0, 0, 0, 0, 0], [0, 0, 0], [0, 0, 0, 0, 0], [0, 0, 0], [0, 0, 0], [0, 1], [0, 1, 0]]
score: 0.002
----------------------------------------------------------------
isp: [[1, 1, 0, 1, 1], [0, 2, 2], [2, 2, 1, 0, 0], [0, 1, 11], [0, 2, 3], [0, 5], [0, 5, 0]]
tc: [[0, 0, 0, 0, 0], [0, 0, 0], [0, 0, 0, 0, 0], [0, 0, 1], [0, 0, 0], [0, 1], [0, 0, 1]]
score: 100.001

