----------------------------------------------------------------
isp: [[2, 1, 0, 1, 1], [0, 3, 2], [3, 3, 2, 0, 0], [1, 1, 12], [0, 3, 4], [0, 6], [0, 6, 0]]
tc: [[0, 0, 0, 0, 0], [0, 0, 0], [0, 0, 0, 0, 0], [0, 0, 2], [0, 0, 1], [0, 1], [0, 1, 0]]
score: 0.010199999
----------------------------------------------------------------
isp: [[2, 1, 0, 1, 1], [0, 3, 2], [3, 3, 2, 0, 0], [1, 1, 12], [0, 3, 4], [0, 6], [0, 6, 0]]
tc: [[0, 0, 0, 0, 0], [0, 0, 0], [0, 1, 0, 0, 0], [0, 0, 1], [0, 0, 1], [0, 1], [0, 1, 0]]
score: 0.1102
----------------------------------------------------------------
isp: [[2, 1, 0, 1, 1], [0, 3, 2], [3, 3, 2, 0, 0], [1, 1, 12], [0, 3, 4], [0, 6], [0, 6, 0]]
tc: [[0, 0, 0, 0, 0], [0, 0, 0], [4, 3, 0, 0, 0], [0, 0, 1], [0, 0, 1], [0, 1], [0, 1, 0]]
score: 0.23230001
----------------------------------------------------------------
isp: [[2, 1, 0, 1, 1], [0, 3, 2], [3, 3, 2, 0, 0], [1, 1, 12], [0, 3, 4], [0, 6], [0, 6, 0]]
tc: [[0, 0, 0, 0, 0], [0, 0, 0], [0, 0, 0, 0, 0], [0, 0, 0], [0, 0, 0], [0, 1], [0, 1, 0]]
score: 2.0E-4
----------------------------------------------------------------
isp: [[2, 1, 0, 1, 1], [0, 3, 2], [3, 3, 2, 0, 0], [1, 1, 12], [0, 3, 4], [0, 6], [0, 6, 0]]
tc: [[0, 0, 0, 0, 0], [0, 0, 0], [0, 0, 0, 0, 0], [0, 0, 3], [0, 0, 1], [1, 0], [0, 1, 0]]
score: 100.0101
----------------------------------------------------------------
isp: [[2, 1, 0, 1, 1], [0, 3, 2], [3, 3, 2, 0, 0], [1, 1, 12], [0, 3, 4], [0, 6], [0, 6, 0]]
tc: [[0, 0, 0, 0, 0], [0, 0, 0], [0, 1, 0, 0, 0], [0, 0, 1], [0, 0, 0], [0, 1], [0, 1, 0]]
score: 0.100200005
----------------------------------------------------------------
isp: [[2, 1, 0, 1, 1], [0, 3, 2], [3, 3, 2, 0, 0], [1, 1, 12], [0, 3, 4], [0, 6], [0, 6, 0]]
tc: [[0, 0, 0, 0, 0], [0, 0, 0], [0, 1, 0, 0, 0], [0, 0, 1], [0, 0, 0], [0, 1], [0, 1, 0]]
score: 0.100200005
----------------------------------------------------------------
isp: [[2, 1, 0, 1, 1], [0, 3, 2], [3, 3, 2, 0, 0], [1, 1, 12], [0, 3, 4], [0, 6], [0, 6, 0]]
tc: [[0, 0, 0, 0, 0], [0, 0, 0], [0, 0, 0, 0, 0], [0, 0, 2], [0, 0, 0], [1, 0], [0, 1, 0]]
score: 100.0001
----------------------------------------------------------------
isp: [[2, 1, 0, 1, 1], [0, 3, 2], [3, 3, 2, 0, 0], [1, 1, 12], [0, 3, 4], [0, 6], [0, 6, 0]]
tc: [[0, 0, 0, 0, 0], [0, 0, 0], [0, 0, 0, 0, 0], [0, 0, 0], [0, 0, 0], [0, 1], [0, 1, 0]]
score: 2.0E-4
----------------------------------------------------------------
isp: [[2, 1, 0, 1, 1], [0, 3, 2], [3, 3, 2, 0, 0], [1, 1, 12], [0, 3, 4], [0, 6], [0, 6, 0]]
tc: [[0, 0, 0, 0, 0], [0, 0, 0], [0, 0, 0, 0, 0], [0, 0, 0], [0, 0, 0], [0, 1], [0, 1, 0]]
score: 2.0E-4

