----------------------------------------------------------------
isp: [[0, 2, 0, 1, 0], [0, 0, 3], [3, 6, 1, 0, 0], [1, 0, 16], [0, 0, 5], [2, 5], [1, 5, 1]]
tc: [[0, 0, 0, 0, 0], [0, 0, 0], [0, 0, 0, 0, 0], [0, 0, 1], [0, 0, 0], [0, 1], [0, 1, 0]]
score: 0.002
----------------------------------------------------------------
isp: [[0, 2, 0, 1, 0], [0, 0, 3], [3, 6, 1, 0, 0], [1, 0, 16], [0, 0, 5], [2, 5], [1, 5, 1]]
tc: [[0, 0, 0, 0, 0], [0, 0, 0], [0, 0, 0, 0, 0], [0, 0, 3], [0, 0, 3], [1, 0], [0, 1, 0]]
score: 1.00211
----------------------------------------------------------------
isp: [[0, 2, 0, 1, 0], [0, 0, 3], [3, 6, 1, 0, 0], [1, 0, 16], [0, 0, 5], [2, 5], [1, 5, 1]]
tc: [[0, 0, 0, 0, 0], [0, 0, 0], [0, 0, 0, 0, 0], [0, 0, 0], [0, 0, 0], [0, 1], [0, 1, 0]]
score: 0.002
----------------------------------------------------------------
isp: [[0, 2, 0, 1, 0], [0, 0, 3], [3, 6, 1, 0, 0], [1, 0, 16], [0, 0, 5], [2, 5], [1, 5, 1]]
tc: [[0, 0, 0, 0, 0], [0, 0, 0], [0, 0, 0, 0, 0], [0, 0, 0], [0, 0, 0], [0, 1], [0, 1, 0]]
score: 0.002
----------------------------------------------------------------
isp: [[0, 2, 0, 1, 0], [0, 0, 3], [3, 6, 1, 0, 0], [1, 0, 16], [0, 0, 5], [2, 5], [1, 5, 1]]
tc: [[0, 0, 0, 0, 0], [0, 0, 0], [0, 1, 0, 0, 0], [0, 0, 2], [0, 0, 1], [0, 1], [0, 1, 0]]
score: 0.0031000003
----------------------------------------------------------------
isp: [[0, 2, 0, 1, 0], [0, 0, 3], [3, 6, 1, 0, 0], [1, 0, 16], [0, 0, 5], [2, 5], [1, 5, 1]]
tc: [[0, 0, 0, 0, 0], [0, 0, 0], [0, 0, 0, 0, 0], [0, 0, 0], [0, 0, 0], [0, 1], [0, 1, 0]]
score: 0.002
----------------------------------------------------------------
isp: [[0, 2, 0, 1, 0], [0, 0, 3], [3, 6, 1, 0, 0], [1, 0, 16], [0, 0, 5], [2, 5], [1, 5, 1]]
tc: [[0, 0, 0, 0, 0], [0, 0, 0], [0, 1, 0, 0, 0], [0, 0, 3], [0, 0, 1], [0, 1], [0, 1, 0]]
score: 0.0031000003
----------------------------------------------------------------
isp: [[0, 2, 0, 1, 0], [0, 0, 3], [3, 6, 1, 0, 0], [1, 0, 16], [0, 0, 5], [2, 5], [1, 5, 1]]
tc: [[0, 0, 0, 0, 0], [0, 0, 0], [0, 0, 0, 0, 0], [0, 0, 3], [0, 0, 0], [0, 1], [0, 1, 0]]
score: 0.002
----------------------------------------------------------------
isp: [[0, 2, 0, 1, 0], [0, 0, 3], [3, 6, 1, 0, 0], [1, 0, 16], [0, 0, 5], [2, 5], [1, 5, 1]]
tc: [[0, 0, 0, 0, 0], [0, 0, 0], [0, 0, 0, 0, 0], [0, 0, 1], [0, 0, 0], [0, 1], [0, 1, 0]]
score: 0.002
----------------------------------------------------------------
isp: [[0, 2, 0, 1, 0], [0, 0, 3], [3, 6, 1, 0, 0], [1, 0, 16], [0, 0, 5], [2, 5], [1, 5, 1]]
tc: [[0, 0, 0, 0, 0], [0, 0, 0], [0, 0, 0, 0, 0], [0, 0, 0], [0, 0, 0], [0, 1], [0, 1, 0]]
score: 0.002

