----------------------------------------------------------------
isp: [[0, 2, 0, 1, 0], [0, 0, 3], [3, 6, 1, 0, 0], [1, 0, 19], [0, 0, 8], [3, 5], [1, 6, 1]]
tc: [[0, 0, 0, 0, 0], [0, 0, 0], [0, 1, 0, 0, 0], [0, 0, 1], [0, 0, 1], [0, 1], [0, 1, 0]]
score: 0.001201
----------------------------------------------------------------
isp: [[0, 2, 0, 1, 0], [0, 0, 3], [3, 6, 1, 0, 0], [1, 0, 19], [0, 0, 8], [3, 5], [1, 6, 1]]
tc: [[0, 0, 0, 0, 0], [0, 0, 0], [0, 0, 0, 0, 0], [0, 0, 2], [0, 0, 2], [1, 0], [0, 1, 0]]
score: 0.100101106
----------------------------------------------------------------
isp: [[0, 2, 0, 1, 0], [0, 0, 3], [3, 6, 1, 0, 0], [1, 0, 19], [0, 0, 8], [3, 5], [1, 6, 1]]
tc: [[0, 0, 0, 0, 0], [0, 0, 0], [0, 0, 0, 0, 0], [0, 0, 2], [0, 0, 0], [0, 1], [0, 1, 0]]
score: 0.0011
----------------------------------------------------------------
isp: [[0, 2, 0, 1, 0], [0, 0, 3], [3, 6, 1, 0, 0], [1, 0, 19], [0, 0, 8], [3, 5], [1, 6, 1]]
tc: [[0, 0, 0, 0, 0], [0, 0, 0], [1, 0, 0, 0, 0], [0, 0, 3], [0, 0, 2], [0, 1], [0, 1, 0]]
score: 0.10110111
----------------------------------------------------------------
isp: [[0, 2, 0, 1, 0], [0, 0, 3], [3, 6, 1, 0, 0], [1, 0, 19], [0, 0, 8], [3, 5], [1, 6, 1]]
tc: [[0, 0, 0, 0, 0], [0, 0, 0], [0, 0, 0, 0, 0], [0, 0, 1], [0, 0, 1], [1, 0], [0, 1, 0]]
score: 0.100101
----------------------------------------------------------------
isp: [[0, 2, 0, 1, 0], [0, 0, 3], [3, 6, 1, 0, 0], [1, 0, 19], [0, 0, 8], [3, 5], [1, 6, 1]]
tc: [[0, 0, 0, 0, 0], [0, 0, 0], [0, 0, 0, 0, 0], [0, 0, 1], [0, 0, 1], [0, 1], [0, 1, 0]]
score: 0.001101
----------------------------------------------------------------
isp: [[0, 2, 0, 1, 0], [0, 0, 3], [3, 6, 1, 0, 0], [1, 0, 19], [0, 0, 8], [3, 5], [1, 6, 1]]
tc: [[0, 0, 0, 0, 0], [0, 0, 0], [1, 1, 0, 0, 0], [0, 0, 1], [0, 0, 1], [0, 1], [0, 1, 0]]
score: 0.101201005
----------------------------------------------------------------
isp: [[0, 2, 0, 1, 0], [0, 0, 3], [3, 6, 1, 0, 0], [1, 0, 19], [0, 0, 8], [3, 5], [1, 6, 1]]
tc: [[0, 0, 0, 0, 0], [0, 0, 0], [0, 0, 0, 0, 0], [0, 0, 1], [0, 0, 0], [0, 1], [0, 1, 0]]
score: 0.0011
----------------------------------------------------------------
isp: [[0, 2, 0, 1, 0], [0, 0, 3], [3, 6, 1, 0, 0], [1, 0, 19], [0, 0, 8], [3, 5], [1, 6, 1]]
tc: [[0, 0, 0, 0, 0], [0, 0, 0], [0, 0, 0, 0, 0], [0, 0, 1], [0, 0, 1], [1, 0], [0, 1, 0]]
score: 0.100101
----------------------------------------------------------------
isp: [[0, 2, 0, 1, 0], [0, 0, 3], [3, 6, 1, 0, 0], [1, 0, 19], [0, 0, 8], [3, 5], [1, 6, 1]]
tc: [[0, 0, 0, 0, 0], [0, 0, 0], [0, 0, 0, 0, 0], [0, 0, 1], [0, 0, 1], [0, 1], [0, 1, 0]]
score: 0.001101

