----------------------------------------------------------------
isp: [[0, 2, 0, 1, 0], [0, 0, 3], [4, 7, 1, 0, 0], [1, 0, 20], [0, 0, 9], [3, 6], [1, 7, 1]]
tc: [[0, 0, 0, 0, 0], [0, 0, 0], [0, 1, 0, 0, 0], [0, 0, 2], [0, 0, 1], [0, 1], [0, 1, 0]]
score: 1.201E-4
----------------------------------------------------------------
isp: [[0, 2, 0, 1, 0], [0, 0, 3], [4, 7, 1, 0, 0], [1, 0, 20], [0, 0, 9], [3, 6], [1, 7, 1]]
tc: [[0, 0, 0, 0, 0], [0, 0, 0], [0, 1, 0, 0, 0], [0, 0, 1], [0, 0, 0], [0, 1], [0, 1, 0]]
score: 1.2E-4
----------------------------------------------------------------
isp: [[0, 2, 0, 1, 0], [0, 0, 3], [4, 7, 1, 0, 0], [1, 0, 20], [0, 0, 9], [3, 6], [1, 7, 1]]
tc: [[0, 0, 0, 0, 0], [0, 0, 0], [0, 0, 0, 0, 0], [0, 0, 2], [0, 0, 2], [1, 0], [0, 1, 0]]
score: 0.10001011
----------------------------------------------------------------
isp: [[0, 2, 0, 1, 0], [0, 0, 3], [4, 7, 1, 0, 0], [1, 0, 20], [0, 0, 9], [3, 6], [1, 7, 1]]
tc: [[0, 0, 0, 0, 0], [0, 0, 0], [0, 0, 0, 0, 0], [0, 0, 0], [0, 0, 0], [0, 1], [0, 1, 0]]
score: 1.0999999E-4
----------------------------------------------------------------
isp: [[0, 2, 0, 1, 0], [0, 0, 3], [4, 7, 1, 0, 0], [1, 0, 20], [0, 0, 9], [3, 6], [1, 7, 1]]
tc: [[0, 0, 0, 0, 0], [0, 0, 0], [0, 1, 0, 0, 0], [0, 0, 2], [0, 0, 0], [0, 1], [0, 1, 0]]
score: 1.2E-4
----------------------------------------------------------------
isp: [[0, 2, 0, 1, 0], [0, 0, 3], [4, 7, 1, 0, 0], [1, 0, 20], [0, 0, 9], [3, 6], [1, 7, 1]]
tc: [[0, 0, 0, 0, 0], [0, 0, 0], [0, 0, 0, 0, 0], [0, 0, 0], [0, 0, 0], [0, 1], [0, 1, 0]]
score: 1.0999999E-4
----------------------------------------------------------------
isp: [[0, 2, 0, 1, 0], [0, 0, 3], [4, 7, 1, 0, 0], [1, 0, 20], [0, 0, 9], [3, 6], [1, 7, 1]]
tc: [[0, 0, 0, 0, 0], [0, 0, 0], [0, 0, 0, 0, 0], [0, 0, 1], [0, 0, 1], [1, 0], [0, 1, 0]]
score: 0.1000101
----------------------------------------------------------------
isp: [[0, 2, 0, 1, 0], [0, 0, 3], [4, 7, 1, 0, 0], [1, 0, 20], [0, 0, 9], [3, 6], [1, 7, 1]]
tc: [[0, 0, 0, 0, 0], [0, 0, 0], [0, 0, 0, 0, 0], [0, 0, 2], [0, 0, 0], [1, 0], [0, 1, 0]]
score: 0.10001
----------------------------------------------------------------
isp: [[0, 2, 0, 1, 0], [0, 0, 3], [4, 7, 1, 0, 0], [1, 0, 20], [0, 0, 9], [3, 6], [1, 7, 1]]
tc: [[0, 0, 0, 0, 0], [0, 0, 0], [0, 0, 0, 0, 0], [0, 0, 2], [0, 0, 0], [0, 1], [0, 1, 0]]
score: 1.0999999E-4
----------------------------------------------------------------
isp: [[0, 2, 0, 1, 0], [0, 0, 3], [4, 7, 1, 0, 0], [1, 0, 20], [0, 0, 9], [3, 6], [1, 7, 1]]
tc: [[0, 0, 0, 0, 0], [0, 0, 0], [0, 0, 0, 0, 0], [0, 0, 1], [0, 0, 0], [0, 1], [0, 1, 0]]
score: 1.0999999E-4

