----------------------------------------------------------------
isp: []
tc: [[0, 0, 0, 0, 0], [0, 0, 0], [0, 0, 0, 0, 0], [0, 0, 0], [0, 0, 0], [0, 1], [0, 1, 0]]
score: 200.0
----------------------------------------------------------------
isp: []
tc: [[0, 0, 0, 0, 0], [0, 0, 0], [0, 0, 0, 0, 0], [0, 0, 0], [0, 0, 0], [0, 1], [0, 1, 0]]
score: 200.0
----------------------------------------------------------------
isp: []
tc: [[0, 0, 0, 0, 0], [0, 0, 0], [0, 0, 0, 0, 0], [0, 0, 1], [0, 0, 0], [0, 1], [0, 1, 0]]
score: 300.0
----------------------------------------------------------------
isp: []
tc: [[0, 0, 0, 0, 0], [0, 0, 0], [0, 0, 0, 0, 0], [0, 0, 0], [0, 0, 0], [0, 1], [0, 1, 0]]
score: 200.0
----------------------------------------------------------------
isp: []
tc: [[0, 0, 0, 0, 0], [0, 0, 0], [0, 0, 0, 0, 0], [0, 0, 0], [0, 0, 0], [0, 1], [0, 1, 0]]
score: 200.0
----------------------------------------------------------------
isp: []
tc: [[0, 0, 0, 0, 0], [0, 0, 0], [0, 0, 0, 0, 0], [0, 0, 1], [0, 0, 0], [0, 1], [0, 1, 0]]
score: 300.0
----------------------------------------------------------------
isp: []
tc: [[0, 0, 0, 2, 0], [0, 0, 2], [3, 3, 0, 0, 0], [0, 0, 3], [0, 0, 2], [0, 1], [0, 1, 0]]
score: 863.0
----------------------------------------------------------------
isp: []
tc: [[0, 0, 0, 0, 0], [0, 0, 0], [0, 0, 0, 0, 0], [0, 0, 0], [0, 0, 0], [0, 1], [0, 1, 0]]
score: 200.0
----------------------------------------------------------------
isp: []
tc: [[0, 0, 0, 0, 0], [0, 0, 0], [2, 1, 0, 0, 0], [0, 0, 2], [0, 0, 0], [1, 0], [0, 1, 0]]
score: 520.0
----------------------------------------------------------------
isp: []
tc: [[0, 0, 0, 0, 0], [0, 0, 0], [0, 0, 0, 0, 0], [0, 0, 1], [0, 0, 0], [0, 1], [0, 1, 0]]
score: 300.0

