----------------------------------------------------------------
isp: [[0, 1, 0, 2, 0], [0, 0, 3], [4, 4, 1, 0, 0], [1, 0, 11], [0, 1, 5], [0, 3], [2, 1, 0]]
tc: [[0, 0, 0, 0, 0], [0, 0, 0], [0, 0, 0, 0, 0], [0, 0, 5], [0, 0, 2], [0, 1], [1, 0, 0]]
score: 1.1011
----------------------------------------------------------------
isp: [[0, 1, 0, 2, 0], [0, 0, 3], [4, 4, 1, 0, 0], [1, 0, 11], [0, 1, 5], [0, 3], [2, 1, 0]]
tc: [[0, 0, 0, 0, 0], [0, 0, 0], [0, 0, 0, 0, 0], [0, 0, 3], [0, 0, 2], [1, 0], [1, 0, 0]]
score: 101.0011
----------------------------------------------------------------
isp: [[0, 1, 0, 2, 0], [0, 0, 3], [4, 4, 1, 0, 0], [1, 0, 11], [0, 1, 5], [0, 3], [2, 1, 0]]
tc: [[0, 0, 0, 0, 0], [0, 0, 0], [0, 0, 0, 0, 0], [0, 0, 0], [0, 0, 0], [0, 1], [0, 1, 0]]
score: 10.1
----------------------------------------------------------------
isp: [[0, 1, 0, 2, 0], [0, 0, 3], [4, 4, 1, 0, 0], [1, 0, 11], [0, 1, 5], [0, 3], [2, 1, 0]]
tc: [[0, 0, 0, 0, 0], [0, 0, 0], [0, 0, 0, 0, 0], [0, 0, 0], [0, 0, 0], [0, 1], [0, 1, 0]]
score: 10.1
----------------------------------------------------------------
isp: [[0, 1, 0, 2, 0], [0, 0, 3], [4, 4, 1, 0, 0], [1, 0, 11], [0, 1, 5], [0, 3], [2, 1, 0]]
tc: [[0, 0, 0, 0, 0], [0, 0, 0], [0, 0, 0, 0, 0], [0, 0, 1], [0, 0, 1], [0, 1], [0, 1, 0]]
score: 10.101
----------------------------------------------------------------
isp: [[0, 1, 0, 2, 0], [0, 0, 3], [4, 4, 1, 0, 0], [1, 0, 11], [0, 1, 5], [0, 3], [2, 1, 0]]
tc: [[0, 0, 0, 0, 0], [0, 0, 0], [0, 0, 0, 0, 0], [0, 0, 1], [0, 0, 1], [0, 1], [0, 1, 0]]
score: 10.101
----------------------------------------------------------------
isp: [[0, 1, 0, 2, 0], [0, 0, 3], [4, 4, 1, 0, 0], [1, 0, 11], [0, 1, 5], [0, 3], [2, 1, 0]]
tc: [[0, 0, 0, 0, 0], [0, 0, 0], [0, 1, 0, 0, 0], [0, 0, 1], [0, 0, 1], [0, 1], [0, 1, 0]]
score: 10.111
----------------------------------------------------------------
isp: [[0, 1, 0, 2, 0], [0, 0, 3], [4, 4, 1, 0, 0], [1, 0, 11], [0, 1, 5], [0, 3], [2, 1, 0]]
tc: [[0, 0, 0, 0, 0], [0, 0, 0], [0, 0, 0, 0, 0], [0, 0, 0], [0, 0, 0], [0, 1], [0, 1, 0]]
score: 10.1
----------------------------------------------------------------
isp: [[0, 1, 0, 2, 0], [0, 0, 3], [4, 4, 1, 0, 0], [1, 0, 11], [0, 1, 5], [0, 3], [2, 1, 0]]
tc: [[0, 0, 0, 0, 0], [0, 0, 0], [0, 0, 0, 0, 0], [0, 0, 1], [0, 0, 1], [1, 0], [0, 1, 0]]
score: 110.001
----------------------------------------------------------------
isp: [[0, 1, 0, 2, 0], [0, 0, 3], [4, 4, 1, 0, 0], [1, 0, 11], [0, 1, 5], [0, 3], [2, 1, 0]]
tc: [[0, 0, 0, 0, 0], [0, 0, 0], [0, 1, 0, 0, 0], [0, 0, 1], [0, 0, 0], [0, 1], [0, 1, 0]]
score: 10.11

