----------------------------------------------------------------
isp: [[0, 0, 0, 1, 0], [0, 0, 1], [3, 5, 0, 0, 0], [0, 0, 4], [0, 0, 3], [0, 3], [0, 3, 0]]
tc: [[0, 0, 0, 0, 0], [0, 0, 0], [0, 0, 0, 0, 0], [0, 0, 3], [0, 0, 2], [1, 0], [0, 1, 0]]
score: 100.2211
----------------------------------------------------------------
isp: [[0, 0, 0, 1, 0], [0, 0, 1], [3, 5, 0, 0, 0], [0, 0, 4], [0, 0, 3], [0, 3], [0, 3, 0]]
tc: [[0, 0, 0, 0, 0], [0, 0, 0], [0, 0, 0, 0, 0], [0, 0, 1], [0, 0, 1], [0, 1], [0, 1, 0]]
score: 0.31
----------------------------------------------------------------
isp: [[0, 0, 0, 1, 0], [0, 0, 1], [3, 5, 0, 0, 0], [0, 0, 4], [0, 0, 3], [0, 3], [0, 3, 0]]
tc: [[0, 0, 0, 0, 0], [0, 0, 0], [0, 0, 0, 0, 0], [0, 0, 3], [0, 0, 2], [1, 0], [0, 1, 0]]
score: 100.2211
----------------------------------------------------------------
isp: [[0, 0, 0, 1, 0], [0, 0, 1], [3, 5, 0, 0, 0], [0, 0, 4], [0, 0, 3], [0, 3], [0, 3, 0]]
tc: [[0, 0, 0, 0, 0], [0, 0, 0], [0, 0, 0, 0, 0], [0, 0, 0], [0, 0, 0], [0, 1], [0, 1, 0]]
score: 0.2
----------------------------------------------------------------
isp: [[0, 0, 0, 1, 0], [0, 0, 1], [3, 5, 0, 0, 0], [0, 0, 4], [0, 0, 3], [0, 3], [0, 3, 0]]
tc: [[0, 0, 0, 0, 0], [0, 0, 0], [0, 0, 0, 0, 0], [0, 0, 0], [0, 0, 0], [0, 1], [0, 1, 0]]
score: 0.2
----------------------------------------------------------------
isp: [[0, 0, 0, 1, 0], [0, 0, 1], [3, 5, 0, 0, 0], [0, 0, 4], [0, 0, 3], [0, 3], [0, 3, 0]]
tc: [[0, 0, 0, 0, 0], [0, 0, 0], [0, 0, 0, 0, 0], [0, 0, 1], [0, 0, 0], [0, 1], [0, 0, 1]]
score: 100.11
----------------------------------------------------------------
isp: [[0, 0, 0, 1, 0], [0, 0, 1], [3, 5, 0, 0, 0], [0, 0, 4], [0, 0, 3], [0, 3], [0, 3, 0]]
tc: [[0, 0, 0, 0, 0], [0, 0, 0], [0, 0, 0, 0, 0], [0, 0, 0], [0, 0, 0], [0, 1], [0, 1, 0]]
score: 0.2
----------------------------------------------------------------
isp: [[0, 0, 0, 1, 0], [0, 0, 1], [3, 5, 0, 0, 0], [0, 0, 4], [0, 0, 3], [0, 3], [0, 3, 0]]
tc: [[0, 0, 0, 0, 0], [0, 0, 0], [2, 1, 0, 0, 0], [0, 0, 3], [0, 0, 2], [1, 0], [0, 1, 0]]
score: 100.3321
----------------------------------------------------------------
isp: [[0, 0, 0, 1, 0], [0, 0, 1], [3, 5, 0, 0, 0], [0, 0, 4], [0, 0, 3], [0, 3], [0, 3, 0]]
tc: [[0, 0, 0, 0, 0], [0, 0, 0], [0, 1, 0, 0, 0], [0, 0, 3], [0, 0, 0], [1, 0], [0, 1, 0]]
score: 100.1121
----------------------------------------------------------------
isp: [[0, 0, 0, 1, 0], [0, 0, 1], [3, 5, 0, 0, 0], [0, 0, 4], [0, 0, 3], [0, 3], [0, 3, 0]]
tc: [[0, 0, 0, 0, 0], [0, 0, 0], [0, 0, 0, 0, 0], [0, 0, 1], [0, 0, 0], [0, 1], [0, 1, 0]]
score: 0.21000001

