----------------------------------------------------------------
isp: [[0, 1, 0, 0, 0], [0, 0, 1], [0, 0, 1, 0, 0], [1, 0, 4], [0, 0, 1], [0, 1], [1, 0, 0]]
tc: [[0, 0, 0, 0, 0], [0, 0, 0], [0, 0, 0, 0, 0], [0, 0, 0], [0, 0, 0], [0, 1], [0, 1, 0]]
score: 110.0
----------------------------------------------------------------
isp: [[0, 1, 0, 0, 0], [0, 0, 1], [0, 0, 1, 0, 0], [1, 0, 4], [0, 0, 1], [0, 1], [1, 0, 0]]
tc: [[0, 0, 0, 0, 0], [0, 0, 0], [1, 0, 0, 0, 0], [0, 0, 2], [0, 0, 2], [1, 0], [0, 1, 0]]
score: 311.011
----------------------------------------------------------------
isp: [[0, 1, 0, 0, 0], [0, 0, 1], [0, 0, 1, 0, 0], [1, 0, 4], [0, 0, 1], [0, 1], [1, 0, 0]]
tc: [[0, 0, 0, 0, 0], [0, 0, 0], [0, 0, 0, 0, 0], [0, 0, 2], [0, 0, 1], [0, 1], [0, 1, 0]]
score: 120.011
----------------------------------------------------------------
isp: [[0, 1, 0, 0, 0], [0, 0, 1], [0, 0, 1, 0, 0], [1, 0, 4], [0, 0, 1], [0, 1], [1, 0, 0]]
tc: [[0, 0, 0, 0, 0], [0, 0, 0], [0, 0, 0, 0, 0], [0, 0, 0], [0, 0, 0], [0, 1], [0, 1, 0]]
score: 110.0
----------------------------------------------------------------
isp: [[0, 1, 0, 0, 0], [0, 0, 1], [0, 0, 1, 0, 0], [1, 0, 4], [0, 0, 1], [0, 1], [1, 0, 0]]
tc: [[0, 0, 0, 0, 0], [0, 0, 0], [1, 1, 0, 0, 0], [0, 0, 1], [0, 0, 1], [0, 1], [0, 1, 0]]
score: 320.01
----------------------------------------------------------------
isp: [[0, 1, 0, 0, 0], [0, 0, 1], [0, 0, 1, 0, 0], [1, 0, 4], [0, 0, 1], [0, 1], [1, 0, 0]]
tc: [[0, 0, 0, 0, 0], [0, 0, 0], [0, 0, 0, 0, 0], [0, 0, 3], [0, 0, 0], [0, 1], [1, 0, 0]]
score: 20.0111
----------------------------------------------------------------
isp: [[0, 1, 0, 0, 0], [0, 0, 1], [0, 0, 1, 0, 0], [1, 0, 4], [0, 0, 1], [0, 1], [1, 0, 0]]
tc: [[0, 0, 0, 0, 0], [0, 0, 0], [0, 0, 0, 0, 0], [0, 0, 1], [0, 0, 0], [1, 0], [0, 1, 0]]
score: 200.01001
----------------------------------------------------------------
isp: [[0, 1, 0, 0, 0], [0, 0, 1], [0, 0, 1, 0, 0], [1, 0, 4], [0, 0, 1], [0, 1], [1, 0, 0]]
tc: [[0, 0, 0, 0, 0], [0, 0, 0], [0, 0, 0, 0, 0], [0, 0, 0], [0, 0, 0], [0, 1], [0, 1, 0]]
score: 110.0
----------------------------------------------------------------
isp: [[0, 1, 0, 0, 0], [0, 0, 1], [0, 0, 1, 0, 0], [1, 0, 4], [0, 0, 1], [0, 1], [1, 0, 0]]
tc: [[0, 1, 0, 0, 0], [0, 0, 1], [0, 1, 1, 0, 0], [1, 0, 1], [0, 1, 0], [0, 1], [0, 1, 0]]
score: 350.01
----------------------------------------------------------------
isp: [[0, 1, 0, 0, 0], [0, 0, 1], [0, 0, 1, 0, 0], [1, 0, 4], [0, 0, 1], [0, 1], [1, 0, 0]]
tc: [[0, 0, 0, 0, 0], [0, 0, 0], [0, 1, 0, 0, 0], [0, 0, 1], [0, 0, 0], [0, 1], [0, 1, 0]]
score: 210.01001

