----------------------------------------------------------------
isp: [[0, 2, 0, 0, 0], [0, 0, 2], [0, 1, 2, 0, 0], [2, 0, 5], [0, 1, 1], [0, 2], [1, 1, 0]]
tc: [[0, 0, 0, 0, 0], [0, 0, 0], [0, 0, 0, 0, 0], [0, 0, 0], [0, 0, 0], [0, 1], [0, 1, 0]]
score: 11.0
----------------------------------------------------------------
isp: [[0, 2, 0, 0, 0], [0, 0, 2], [0, 1, 2, 0, 0], [2, 0, 5], [0, 1, 1], [0, 2], [1, 1, 0]]
tc: [[0, 0, 0, 0, 0], [0, 0, 0], [0, 1, 0, 0, 0], [0, 0, 3], [0, 0, 1], [0, 1], [1, 0, 0]]
score: 31.00111
----------------------------------------------------------------
isp: [[0, 2, 0, 0, 0], [0, 0, 2], [0, 1, 2, 0, 0], [2, 0, 5], [0, 1, 1], [0, 2], [1, 1, 0]]
tc: [[0, 0, 0, 0, 0], [0, 0, 0], [0, 2, 0, 0, 0], [0, 0, 1], [0, 0, 1], [0, 1], [0, 1, 0]]
score: 32.001
----------------------------------------------------------------
isp: [[0, 2, 0, 0, 0], [0, 0, 2], [0, 1, 2, 0, 0], [2, 0, 5], [0, 1, 1], [0, 2], [1, 1, 0]]
tc: [[0, 0, 0, 0, 0], [0, 0, 0], [0, 0, 0, 0, 0], [0, 0, 0], [0, 0, 0], [0, 1], [0, 1, 0]]
score: 11.0
----------------------------------------------------------------
isp: [[0, 2, 0, 0, 0], [0, 0, 2], [0, 1, 2, 0, 0], [2, 0, 5], [0, 1, 1], [0, 2], [1, 1, 0]]
tc: [[0, 0, 0, 0, 0], [0, 0, 0], [0, 0, 0, 0, 0], [0, 0, 0], [0, 0, 0], [0, 1], [0, 1, 0]]
score: 11.0
----------------------------------------------------------------
isp: [[0, 2, 0, 0, 0], [0, 0, 2], [0, 1, 2, 0, 0], [2, 0, 5], [0, 1, 1], [0, 2], [1, 1, 0]]
tc: [[0, 0, 0, 0, 0], [0, 0, 0], [0, 0, 0, 0, 0], [0, 0, 0], [0, 0, 0], [0, 1], [0, 1, 0]]
score: 11.0
----------------------------------------------------------------
isp: [[0, 2, 0, 0, 0], [0, 0, 2], [0, 1, 2, 0, 0], [2, 0, 5], [0, 1, 1], [0, 2], [1, 1, 0]]
tc: [[0, 0, 0, 0, 0], [0, 0, 0], [1, 0, 0, 0, 0], [0, 0, 1], [0, 0, 0], [0, 1], [0, 1, 0]]
score: 111.001
----------------------------------------------------------------
isp: [[0, 2, 0, 0, 0], [0, 0, 2], [0, 1, 2, 0, 0], [2, 0, 5], [0, 1, 1], [0, 2], [1, 1, 0]]
tc: [[1, 0, 0, 1, 0], [0, 1, 1], [0, 2, 0, 0, 0], [0, 0, 4], [0, 0, 2], [0, 1], [0, 1, 0]]
score: 334.0011
----------------------------------------------------------------
isp: [[0, 2, 0, 0, 0], [0, 0, 2], [0, 1, 2, 0, 0], [2, 0, 5], [0, 1, 1], [0, 2], [1, 1, 0]]
tc: [[0, 0, 0, 0, 0], [0, 0, 0], [0, 0, 0, 0, 0], [0, 0, 1], [0, 0, 0], [1, 0], [0, 1, 0]]
score: 110.001
----------------------------------------------------------------
isp: [[0, 2, 0, 0, 0], [0, 0, 2], [0, 1, 2, 0, 0], [2, 0, 5], [0, 1, 1], [0, 2], [1, 1, 0]]
tc: [[0, 0, 0, 0, 0], [0, 0, 0], [0, 0, 0, 0, 0], [0, 0, 0], [0, 0, 0], [0, 1], [0, 1, 0]]
score: 11.0

