----------------------------------------------------------------
isp: [[1, 2, 0, 1, 0], [0, 1, 3], [0, 3, 2, 0, 0], [2, 0, 9], [0, 1, 3], [0, 3], [1, 2, 0]]
tc: [[0, 0, 0, 0, 0], [0, 0, 0], [1, 0, 0, 0, 0], [0, 0, 1], [0, 0, 1], [0, 1], [0, 1, 0]]
score: 101.2
----------------------------------------------------------------
isp: [[1, 2, 0, 1, 0], [0, 1, 3], [0, 3, 2, 0, 0], [2, 0, 9], [0, 1, 3], [0, 3], [1, 2, 0]]
tc: [[0, 0, 0, 0, 0], [0, 0, 0], [0, 1, 0, 0, 0], [0, 0, 4], [0, 0, 0], [0, 1], [1, 0, 0]]
score: 10.2
----------------------------------------------------------------
isp: [[1, 2, 0, 1, 0], [0, 1, 3], [0, 3, 2, 0, 0], [2, 0, 9], [0, 1, 3], [0, 3], [1, 2, 0]]
tc: [[0, 0, 0, 0, 0], [0, 0, 0], [0, 2, 0, 0, 0], [0, 0, 3], [0, 0, 3], [0, 1], [0, 1, 0]]
score: 1.3210001
----------------------------------------------------------------
isp: [[1, 2, 0, 1, 0], [0, 1, 3], [0, 3, 2, 0, 0], [2, 0, 9], [0, 1, 3], [0, 3], [1, 2, 0]]
tc: [[0, 0, 0, 0, 0], [0, 0, 0], [0, 0, 0, 0, 0], [0, 0, 0], [0, 0, 0], [0, 1], [0, 1, 0]]
score: 1.1
----------------------------------------------------------------
isp: [[1, 2, 0, 1, 0], [0, 1, 3], [0, 3, 2, 0, 0], [2, 0, 9], [0, 1, 3], [0, 3], [1, 2, 0]]
tc: [[0, 0, 0, 0, 0], [0, 0, 0], [0, 0, 0, 0, 0], [0, 0, 1], [0, 0, 0], [1, 0], [0, 1, 0]]
score: 101.0
----------------------------------------------------------------
isp: [[1, 2, 0, 1, 0], [0, 1, 3], [0, 3, 2, 0, 0], [2, 0, 9], [0, 1, 3], [0, 3], [1, 2, 0]]
tc: [[0, 0, 0, 0, 0], [0, 0, 0], [0, 1, 0, 0, 0], [0, 0, 1], [0, 0, 0], [0, 1], [0, 1, 0]]
score: 1.2
----------------------------------------------------------------
isp: [[1, 2, 0, 1, 0], [0, 1, 3], [0, 3, 2, 0, 0], [2, 0, 9], [0, 1, 3], [0, 3], [1, 2, 0]]
tc: [[0, 0, 0, 0, 0], [0, 0, 0], [0, 0, 0, 0, 0], [0, 0, 1], [0, 0, 1], [0, 1], [0, 1, 0]]
score: 1.2
----------------------------------------------------------------
isp: [[1, 2, 0, 1, 0], [0, 1, 3], [0, 3, 2, 0, 0], [2, 0, 9], [0, 1, 3], [0, 3], [1, 2, 0]]
tc: [[0, 0, 0, 0, 0], [0, 0, 0], [0, 0, 0, 0, 0], [0, 0, 0], [0, 0, 0], [0, 1], [0, 1, 0]]
score: 1.1
----------------------------------------------------------------
isp: [[1, 2, 0, 1, 0], [0, 1, 3], [0, 3, 2, 0, 0], [2, 0, 9], [0, 1, 3], [0, 3], [1, 2, 0]]
tc: [[0, 0, 0, 0, 0], [0, 0, 0], [1, 0, 0, 0, 0], [0, 0, 1], [0, 0, 0], [0, 1], [0, 1, 0]]
score: 101.1
----------------------------------------------------------------
isp: [[1, 2, 0, 1, 0], [0, 1, 3], [0, 3, 2, 0, 0], [2, 0, 9], [0, 1, 3], [0, 3], [1, 2, 0]]
tc: [[0, 1, 0, 0, 0], [0, 0, 1], [0, 0, 0, 0, 0], [0, 0, 3], [0, 0, 0], [0, 1], [0, 1, 0]]
score: 2.2000003

