----------------------------------------------------------------
isp: [[1, 2, 0, 1, 0], [0, 1, 3], [1, 3, 2, 0, 0], [2, 0, 10], [0, 1, 4], [0, 4], [1, 3, 0]]
tc: [[0, 0, 0, 0, 0], [0, 0, 0], [0, 0, 0, 0, 0], [0, 0, 1], [0, 0, 1], [0, 1], [0, 1, 0]]
score: 0.12000001
----------------------------------------------------------------
isp: [[1, 2, 0, 1, 0], [0, 1, 3], [1, 3, 2, 0, 0], [2, 0, 10], [0, 1, 4], [0, 4], [1, 3, 0]]
tc: [[0, 0, 0, 0, 0], [0, 0, 0], [0, 0, 0, 0, 0], [0, 0, 2], [0, 0, 1], [0, 1], [0, 1, 0]]
score: 0.12000001
----------------------------------------------------------------
isp: [[1, 2, 0, 1, 0], [0, 1, 3], [1, 3, 2, 0, 0], [2, 0, 10], [0, 1, 4], [0, 4], [1, 3, 0]]
tc: [[0, 0, 0, 0, 0], [0, 0, 0], [1, 4, 0, 0, 0], [0, 0, 1], [0, 0, 1], [0, 1], [0, 1, 0]]
score: 10.231101
----------------------------------------------------------------
isp: [[1, 2, 0, 1, 0], [0, 1, 3], [1, 3, 2, 0, 0], [2, 0, 10], [0, 1, 4], [0, 4], [1, 3, 0]]
tc: [[0, 0, 0, 0, 0], [0, 0, 0], [0, 0, 0, 0, 0], [0, 0, 0], [0, 0, 0], [0, 1], [0, 1, 0]]
score: 0.11
----------------------------------------------------------------
isp: [[1, 2, 0, 1, 0], [0, 1, 3], [1, 3, 2, 0, 0], [2, 0, 10], [0, 1, 4], [0, 4], [1, 3, 0]]
tc: [[0, 0, 0, 0, 0], [0, 0, 0], [0, 0, 0, 0, 0], [0, 0, 0], [0, 0, 0], [0, 1], [0, 1, 0]]
score: 0.11
----------------------------------------------------------------
isp: [[1, 2, 0, 1, 0], [0, 1, 3], [1, 3, 2, 0, 0], [2, 0, 10], [0, 1, 4], [0, 4], [1, 3, 0]]
tc: [[0, 0, 0, 0, 0], [0, 0, 0], [0, 2, 0, 0, 0], [0, 0, 2], [0, 0, 0], [0, 1], [0, 1, 0]]
score: 0.22
----------------------------------------------------------------
isp: [[1, 2, 0, 1, 0], [0, 1, 3], [1, 3, 2, 0, 0], [2, 0, 10], [0, 1, 4], [0, 4], [1, 3, 0]]
tc: [[0, 0, 0, 0, 0], [0, 0, 0], [0, 0, 0, 0, 0], [0, 0, 0], [0, 0, 0], [0, 1], [0, 1, 0]]
score: 0.11
----------------------------------------------------------------
isp: [[1, 2, 0, 1, 0], [0, 1, 3], [1, 3, 2, 0, 0], [2, 0, 10], [0, 1, 4], [0, 4], [1, 3, 0]]
tc: [[0, 0, 0, 0, 0], [0, 0, 0], [0, 0, 0, 0, 0], [0, 0, 0], [0, 0, 0], [0, 1], [0, 1, 0]]
score: 0.11
----------------------------------------------------------------
isp: [[1, 2, 0, 1, 0], [0, 1, 3], [1, 3, 2, 0, 0], [2, 0, 10], [0, 1, 4], [0, 4], [1, 3, 0]]
tc: [[0, 0, 0, 0, 0], [0, 0, 0], [0, 0, 0, 0, 0], [0, 0, 1], [0, 0, 0], [0, 1], [0, 1, 0]]
score: 0.110000014
----------------------------------------------------------------
isp: [[1, 2, 0, 1, 0], [0, 1, 3], [1, 3, 2, 0, 0], [2, 0, 10], [0, 1, 4], [0, 4], [1, 3, 0]]
tc: [[0, 0, 0, 0, 0], [0, 0, 0], [0, 0, 0, 0, 0], [0, 0, 0], [0, 0, 0], [0, 1], [0, 1, 0]]
score: 0.11

