----------------------------------------------------------------
isp: [[1, 2, 0, 1, 0], [0, 1, 3], [2, 7, 2, 0, 0], [2, 0, 11], [0, 1, 5], [0, 5], [1, 4, 0]]
tc: [[0, 0, 0, 0, 0], [0, 0, 0], [0, 0, 0, 0, 0], [0, 0, 0], [0, 0, 0], [0, 1], [0, 1, 0]]
score: 0.011
----------------------------------------------------------------
isp: [[1, 2, 0, 1, 0], [0, 1, 3], [2, 7, 2, 0, 0], [2, 0, 11], [0, 1, 5], [0, 5], [1, 4, 0]]
tc: [[0, 0, 0, 0, 0], [0, 0, 0], [0, 0, 0, 0, 0], [0, 0, 0], [0, 0, 0], [0, 1], [0, 1, 0]]
score: 0.011
----------------------------------------------------------------
isp: [[1, 2, 0, 1, 0], [0, 1, 3], [2, 7, 2, 0, 0], [2, 0, 11], [0, 1, 5], [0, 5], [1, 4, 0]]
tc: [[0, 0, 0, 0, 0], [0, 0, 0], [0, 0, 0, 0, 0], [0, 0, 2], [0, 0, 1], [0, 1], [0, 1, 0]]
score: 0.012000001
----------------------------------------------------------------
isp: [[1, 2, 0, 1, 0], [0, 1, 3], [2, 7, 2, 0, 0], [2, 0, 11], [0, 1, 5], [0, 5], [1, 4, 0]]
tc: [[0, 0, 0, 0, 0], [0, 0, 0], [0, 0, 0, 0, 0], [0, 0, 2], [0, 0, 0], [0, 1], [0, 1, 0]]
score: 0.011000001
----------------------------------------------------------------
isp: [[1, 2, 0, 1, 0], [0, 1, 3], [2, 7, 2, 0, 0], [2, 0, 11], [0, 1, 5], [0, 5], [1, 4, 0]]
tc: [[0, 0, 0, 0, 0], [0, 0, 0], [0, 0, 0, 0, 0], [0, 0, 1], [0, 0, 0], [0, 1], [0, 1, 0]]
score: 0.011000001
----------------------------------------------------------------
isp: [[1, 2, 0, 1, 0], [0, 1, 3], [2, 7, 2, 0, 0], [2, 0, 11], [0, 1, 5], [0, 5], [1, 4, 0]]
tc: [[0, 0, 0, 0, 0], [0, 0, 0], [1, 2, 0, 0, 0], [0, 0, 4], [0, 0, 1], [1, 0], [0, 1, 0]]
score: 101.01102
----------------------------------------------------------------
isp: [[1, 2, 0, 1, 0], [0, 1, 3], [2, 7, 2, 0, 0], [2, 0, 11], [0, 1, 5], [0, 5], [1, 4, 0]]
tc: [[0, 0, 0, 0, 0], [0, 0, 0], [0, 0, 0, 0, 0], [0, 0, 0], [0, 0, 0], [0, 1], [0, 1, 0]]
score: 0.011
----------------------------------------------------------------
isp: [[1, 2, 0, 1, 0], [0, 1, 3], [2, 7, 2, 0, 0], [2, 0, 11], [0, 1, 5], [0, 5], [1, 4, 0]]
tc: [[0, 0, 0, 0, 0], [0, 0, 0], [0, 0, 0, 0, 0], [0, 0, 0], [0, 0, 0], [0, 1], [0, 1, 0]]
score: 0.011
----------------------------------------------------------------
isp: [[1, 2, 0, 1, 0], [0, 1, 3], [2, 7, 2, 0, 0], [2, 0, 11], [0, 1, 5], [0, 5], [1, 4, 0]]
tc: [[0, 0, 0, 0, 0], [0, 0, 0], [0, 1, 0, 0, 0], [0, 0, 1], [0, 0, 1], [0, 1], [0, 1, 0]]
score: 0.012010001
----------------------------------------------------------------
isp: [[1, 2, 0, 1, 0], [0, 1, 3], [2, 7, 2, 0, 0], [2, 0, 11], [0, 1, 5], [0, 5], [1, 4, 0]]
tc: [[0, 0, 0, 0, 0], [0, 0, 0], [0, 0, 0, 0, 0], [0, 0, 0], [0, 0, 0], [0, 1], [0, 1, 0]]
score: 0.011

