----------------------------------------------------------------
isp: [[0, 0, 0, 0, 0], [0, 0, 0], [0, 1, 0, 0, 0], [0, 0, 4], [0, 0, 2], [1, 1], [1, 1, 0]]
tc: [[0, 0, 0, 0, 0], [0, 0, 0], [0, 0, 0, 0, 0], [0, 0, 0], [0, 0, 0], [0, 1], [0, 1, 0]]
score: 20.0
----------------------------------------------------------------
isp: [[0, 0, 0, 0, 0], [0, 0, 0], [0, 1, 0, 0, 0], [0, 0, 4], [0, 0, 2], [1, 1], [1, 1, 0]]
tc: [[0, 0, 0, 0, 0], [0, 0, 0], [0, 1, 0, 0, 0], [0, 0, 1], [0, 0, 0], [0, 1], [0, 1, 0]]
score: 30.01
----------------------------------------------------------------
isp: [[0, 0, 0, 0, 0], [0, 0, 0], [0, 1, 0, 0, 0], [0, 0, 4], [0, 0, 2], [1, 1], [1, 1, 0]]
tc: [[0, 0, 0, 0, 0], [0, 0, 0], [0, 0, 0, 0, 0], [0, 0, 0], [0, 0, 0], [0, 1], [0, 1, 0]]
score: 20.0
----------------------------------------------------------------
isp: [[0, 0, 0, 0, 0], [0, 0, 0], [0, 1, 0, 0, 0], [0, 0, 4], [0, 0, 2], [1, 1], [1, 1, 0]]
tc: [[0, 0, 0, 0, 0], [0, 0, 0], [0, 0, 0, 0, 0], [0, 0, 0], [0, 0, 0], [0, 1], [0, 1, 0]]
score: 20.0
----------------------------------------------------------------
isp: [[0, 0, 0, 0, 0], [0, 0, 0], [0, 1, 0, 0, 0], [0, 0, 4], [0, 0, 2], [1, 1], [1, 1, 0]]
tc: [[0, 0, 0, 0, 0], [0, 0, 0], [0, 2, 0, 0, 0], [0, 0, 1], [0, 0, 1], [0, 1], [0, 1, 0]]
score: 32.010002
----------------------------------------------------------------
isp: [[0, 0, 0, 0, 0], [0, 0, 0], [0, 1, 0, 0, 0], [0, 0, 4], [0, 0, 2], [1, 1], [1, 1, 0]]
tc: [[0, 0, 0, 0, 0], [0, 0, 0], [0, 0, 0, 0, 0], [0, 0, 0], [0, 0, 0], [0, 1], [0, 1, 0]]
score: 20.0
----------------------------------------------------------------
isp: [[0, 0, 0, 0, 0], [0, 0, 0], [0, 1, 0, 0, 0], [0, 0, 4], [0, 0, 2], [1, 1], [1, 1, 0]]
tc: [[0, 0, 0, 0, 0], [0, 0, 0], [0, 0, 0, 0, 0], [0, 0, 0], [0, 0, 0], [0, 1], [0, 1, 0]]
score: 20.0
----------------------------------------------------------------
isp: [[0, 0, 0, 0, 0], [0, 0, 0], [0, 1, 0, 0, 0], [0, 0, 4], [0, 0, 2], [1, 1], [1, 1, 0]]
tc: [[0, 0, 0, 0, 0], [0, 0, 0], [0, 0, 0, 0, 0], [0, 0, 0], [0, 0, 0], [0, 1], [0, 1, 0]]
score: 20.0
----------------------------------------------------------------
isp: [[0, 0, 0, 0, 0], [0, 0, 0], [0, 1, 0, 0, 0], [0, 0, 4], [0, 0, 2], [1, 1], [1, 1, 0]]
tc: [[0, 0, 0, 0, 0], [0, 0, 0], [1, 0, 0, 0, 0], [0, 0, 4], [0, 0, 2], [1, 0], [0, 1, 0]]
score: 121.11111
----------------------------------------------------------------
isp: [[0, 0, 0, 0, 0], [0, 0, 0], [0, 1, 0, 0, 0], [0, 0, 4], [0, 0, 2], [1, 1], [1, 1, 0]]
tc: [[0, 0, 0, 0, 0], [0, 0, 0], [0, 0, 0, 0, 0], [0, 0, 3], [0, 0, 2], [0, 1], [1, 0, 0]]
score: 21.1111

