----------------------------------------------------------------
isp: [[0, 0, 0, 0, 0], [0, 0, 0], [1, 1, 0, 0, 0], [0, 0, 8], [0, 0, 4], [2, 1], [1, 2, 0]]
tc: [[0, 0, 0, 0, 0], [0, 0, 0], [1, 0, 0, 0, 0], [0, 0, 1], [0, 0, 0], [0, 1], [0, 1, 0]]
score: 21.0
----------------------------------------------------------------
isp: [[0, 0, 0, 0, 0], [0, 0, 0], [1, 1, 0, 0, 0], [0, 0, 8], [0, 0, 4], [2, 1], [1, 2, 0]]
tc: [[0, 0, 0, 0, 0], [0, 0, 0], [0, 0, 0, 0, 0], [0, 0, 4], [0, 0, 2], [0, 1], [0, 1, 0]]
score: 11.011002
----------------------------------------------------------------
isp: [[0, 0, 0, 0, 0], [0, 0, 0], [1, 1, 0, 0, 0], [0, 0, 8], [0, 0, 4], [2, 1], [1, 2, 0]]
tc: [[0, 0, 0, 0, 0], [0, 0, 0], [0, 0, 0, 0, 0], [0, 0, 4], [0, 0, 1], [0, 1], [1, 0, 0]]
score: 20.010002
----------------------------------------------------------------
isp: [[0, 0, 0, 0, 0], [0, 0, 0], [1, 1, 0, 0, 0], [0, 0, 8], [0, 0, 4], [2, 1], [1, 2, 0]]
tc: [[0, 0, 0, 0, 0], [0, 0, 0], [0, 0, 0, 0, 0], [0, 0, 0], [0, 0, 0], [0, 1], [0, 1, 0]]
score: 11.0
----------------------------------------------------------------
isp: [[0, 0, 0, 0, 0], [0, 0, 0], [1, 1, 0, 0, 0], [0, 0, 8], [0, 0, 4], [2, 1], [1, 2, 0]]
tc: [[0, 0, 0, 0, 0], [0, 0, 0], [0, 0, 0, 0, 0], [0, 0, 2], [0, 0, 1], [0, 1], [0, 0, 1]]
score: 110.01
----------------------------------------------------------------
isp: [[0, 0, 0, 0, 0], [0, 0, 0], [1, 1, 0, 0, 0], [0, 0, 8], [0, 0, 4], [2, 1], [1, 2, 0]]
tc: [[0, 0, 0, 0, 0], [0, 0, 0], [0, 0, 0, 0, 0], [0, 0, 1], [0, 0, 0], [0, 1], [0, 1, 0]]
score: 11.000001
----------------------------------------------------------------
isp: [[0, 0, 0, 0, 0], [0, 0, 0], [1, 1, 0, 0, 0], [0, 0, 8], [0, 0, 4], [2, 1], [1, 2, 0]]
tc: [[0, 0, 0, 0, 0], [0, 0, 0], [0, 0, 0, 0, 0], [0, 0, 1], [0, 0, 1], [0, 1], [0, 1, 0]]
score: 11.010001
----------------------------------------------------------------
isp: [[0, 0, 0, 0, 0], [0, 0, 0], [1, 1, 0, 0, 0], [0, 0, 8], [0, 0, 4], [2, 1], [1, 2, 0]]
tc: [[0, 0, 0, 0, 0], [0, 0, 0], [0, 2, 0, 0, 0], [0, 0, 2], [0, 0, 1], [0, 1], [0, 1, 0]]
score: 22.010002
----------------------------------------------------------------
isp: [[0, 0, 0, 0, 0], [0, 0, 0], [1, 1, 0, 0, 0], [0, 0, 8], [0, 0, 4], [2, 1], [1, 2, 0]]
tc: [[0, 0, 0, 0, 0], [0, 0, 0], [0, 0, 0, 0, 0], [0, 0, 0], [0, 0, 0], [0, 1], [0, 1, 0]]
score: 11.0
----------------------------------------------------------------
isp: [[0, 0, 0, 0, 0], [0, 0, 0], [1, 1, 0, 0, 0], [0, 0, 8], [0, 0, 4], [2, 1], [1, 2, 0]]
tc: [[0, 0, 0, 0, 0], [0, 0, 0], [0, 0, 0, 0, 0], [0, 0, 1], [0, 0, 0], [0, 1], [0, 1, 0]]
score: 11.000001

