----------------------------------------------------------------
isp: [[1, 1, 1, 0, 0], [0, 1, 2], [5, 1, 2, 0, 0], [2, 0, 3], [0, 1, 1], [0, 2], [0, 2, 0]]
tc: [[0, 0, 0, 0, 0], [0, 0, 0], [0, 0, 0, 0, 0], [0, 0, 2], [0, 0, 0], [0, 1], [0, 1, 0]]
score: 2.1100001
----------------------------------------------------------------
isp: [[1, 1, 1, 0, 0], [0, 1, 2], [5, 1, 2, 0, 0], [2, 0, 3], [0, 1, 1], [0, 2], [0, 2, 0]]
tc: [[0, 0, 0, 0, 0], [0, 0, 0], [0, 0, 0, 0, 0], [0, 0, 0], [0, 0, 0], [0, 1], [0, 1, 0]]
score: 2.0
----------------------------------------------------------------
isp: [[1, 1, 1, 0, 0], [0, 1, 2], [5, 1, 2, 0, 0], [2, 0, 3], [0, 1, 1], [0, 2], [0, 2, 0]]
tc: [[0, 0, 0, 0, 0], [0, 0, 0], [0, 0, 0, 0, 0], [0, 0, 0], [0, 0, 0], [0, 1], [0, 1, 0]]
score: 2.0
----------------------------------------------------------------
isp: [[1, 1, 1, 0, 0], [0, 1, 2], [5, 1, 2, 0, 0], [2, 0, 3], [0, 1, 1], [0, 2], [0, 2, 0]]
tc: [[0, 0, 0, 0, 0], [0, 0, 0], [0, 0, 0, 0, 0], [0, 0, 1], [0, 0, 1], [0, 1], [0, 1, 0]]
score: 12.1
----------------------------------------------------------------
isp: [[1, 1, 1, 0, 0], [0, 1, 2], [5, 1, 2, 0, 0], [2, 0, 3], [0, 1, 1], [0, 2], [0, 2, 0]]
tc: [[0, 0, 0, 0, 0], [0, 0, 0], [0, 0, 0, 0, 0], [0, 0, 1], [0, 0, 1], [0, 1], [0, 1, 0]]
score: 12.1
----------------------------------------------------------------
isp: [[1, 1, 1, 0, 0], [0, 1, 2], [5, 1, 2, 0, 0], [2, 0, 3], [0, 1, 1], [0, 2], [0, 2, 0]]
tc: [[0, 0, 0, 0, 0], [0, 0, 0], [0, 0, 0, 0, 0], [0, 0, 1], [0, 0, 0], [0, 1], [0, 1, 0]]
score: 2.1
----------------------------------------------------------------
isp: [[1, 1, 1, 0, 0], [0, 1, 2], [5, 1, 2, 0, 0], [2, 0, 3], [0, 1, 1], [0, 2], [0, 2, 0]]
tc: [[0, 0, 0, 0, 0], [0, 0, 0], [0, 0, 0, 0, 0], [0, 0, 1], [0, 0, 0], [0, 1], [0, 1, 0]]
score: 2.1
----------------------------------------------------------------
isp: [[1, 1, 1, 0, 0], [0, 1, 2], [5, 1, 2, 0, 0], [2, 0, 3], [0, 1, 1], [0, 2], [0, 2, 0]]
tc: [[0, 0, 0, 0, 0], [0, 0, 0], [0, 0, 0, 0, 0], [0, 0, 1], [0, 0, 1], [1, 0], [0, 1, 0]]
score: 111.1
----------------------------------------------------------------
isp: [[1, 1, 1, 0, 0], [0, 1, 2], [5, 1, 2, 0, 0], [2, 0, 3], [0, 1, 1], [0, 2], [0, 2, 0]]
tc: [[1, 0, 0, 0, 0], [0, 0, 1], [0, 1, 0, 0, 0], [0, 0, 4], [0, 0, 1], [1, 0], [0, 1, 0]]
score: 132.1111
----------------------------------------------------------------
isp: [[1, 1, 1, 0, 0], [0, 1, 2], [5, 1, 2, 0, 0], [2, 0, 3], [0, 1, 1], [0, 2], [0, 2, 0]]
tc: [[0, 0, 0, 0, 0], [0, 0, 0], [0, 1, 0, 0, 0], [0, 0, 1], [0, 0, 1], [0, 1], [0, 1, 0]]
score: 22.1

