----------------------------------------------------------------
isp: [[0, 0, 0, 0, 0], [0, 0, 0], [2, 2, 0, 0, 0], [0, 0, 6], [0, 0, 4], [1, 2], [0, 2, 1]]
tc: [[0, 0, 0, 0, 0], [0, 0, 0], [0, 0, 0, 0, 0], [0, 0, 1], [0, 0, 0], [0, 1], [0, 1, 0]]
score: 2.0001001
----------------------------------------------------------------
isp: [[0, 0, 0, 0, 0], [0, 0, 0], [2, 2, 0, 0, 0], [0, 0, 6], [0, 0, 4], [1, 2], [0, 2, 1]]
tc: [[0, 0, 0, 0, 0], [0, 0, 0], [0, 0, 0, 0, 0], [0, 0, 0], [0, 0, 0], [0, 1], [0, 1, 0]]
score: 2.0
----------------------------------------------------------------
isp: [[0, 0, 0, 0, 0], [0, 0, 0], [2, 2, 0, 0, 0], [0, 0, 6], [0, 0, 4], [1, 2], [0, 2, 1]]
tc: [[0, 0, 0, 0, 0], [0, 0, 0], [0, 1, 0, 0, 0], [0, 0, 1], [0, 0, 1], [0, 1], [0, 1, 0]]
score: 3.0101
----------------------------------------------------------------
isp: [[0, 0, 0, 0, 0], [0, 0, 0], [2, 2, 0, 0, 0], [0, 0, 6], [0, 0, 4], [1, 2], [0, 2, 1]]
tc: [[0, 0, 0, 0, 0], [0, 0, 0], [0, 0, 0, 0, 0], [0, 0, 2], [0, 0, 0], [1, 0], [0, 1, 0]]
score: 11.00011
----------------------------------------------------------------
isp: [[0, 0, 0, 0, 0], [0, 0, 0], [2, 2, 0, 0, 0], [0, 0, 6], [0, 0, 4], [1, 2], [0, 2, 1]]
tc: [[0, 0, 0, 0, 0], [0, 0, 0], [0, 1, 0, 0, 0], [0, 0, 2], [0, 0, 2], [0, 1], [0, 1, 0]]
score: 3.01111
----------------------------------------------------------------
isp: [[0, 0, 0, 0, 0], [0, 0, 0], [2, 2, 0, 0, 0], [0, 0, 6], [0, 0, 4], [1, 2], [0, 2, 1]]
tc: [[0, 0, 0, 0, 0], [0, 0, 0], [0, 0, 0, 0, 0], [0, 0, 1], [0, 0, 0], [0, 1], [0, 1, 0]]
score: 2.0001001
----------------------------------------------------------------
isp: [[0, 0, 0, 0, 0], [0, 0, 0], [2, 2, 0, 0, 0], [0, 0, 6], [0, 0, 4], [1, 2], [0, 2, 1]]
tc: [[0, 0, 0, 0, 0], [0, 0, 0], [0, 0, 0, 0, 0], [0, 0, 2], [0, 0, 1], [0, 1], [0, 1, 0]]
score: 2.01011
----------------------------------------------------------------
isp: [[0, 0, 0, 0, 0], [0, 0, 0], [2, 2, 0, 0, 0], [0, 0, 6], [0, 0, 4], [1, 2], [0, 2, 1]]
tc: [[0, 0, 0, 0, 0], [0, 0, 0], [0, 0, 0, 0, 0], [0, 0, 1], [0, 0, 0], [0, 1], [0, 1, 0]]
score: 2.0001001
----------------------------------------------------------------
isp: [[0, 0, 0, 0, 0], [0, 0, 0], [2, 2, 0, 0, 0], [0, 0, 6], [0, 0, 4], [1, 2], [0, 2, 1]]
tc: [[0, 0, 0, 0, 0], [0, 0, 0], [0, 0, 0, 0, 0], [0, 0, 1], [0, 0, 0], [0, 1], [0, 1, 0]]
score: 2.0001001
----------------------------------------------------------------
isp: [[0, 0, 0, 0, 0], [0, 0, 0], [2, 2, 0, 0, 0], [0, 0, 6], [0, 0, 4], [1, 2], [0, 2, 1]]
tc: [[0, 0, 0, 0, 0], [0, 0, 0], [0, 0, 0, 0, 0], [0, 0, 0], [0, 0, 0], [0, 1], [0, 1, 0]]
score: 2.0

