----------------------------------------------------------------
isp: [[0, 0, 0, 0, 0], [0, 0, 0], [3, 5, 0, 0, 0], [0, 0, 12], [0, 0, 6], [2, 4], [0, 4, 2]]
tc: [[0, 0, 0, 0, 0], [0, 0, 0], [0, 0, 0, 0, 0], [0, 0, 1], [0, 0, 0], [0, 1], [0, 1, 0]]
score: 0.02
----------------------------------------------------------------
isp: [[0, 0, 0, 0, 0], [0, 0, 0], [3, 5, 0, 0, 0], [0, 0, 12], [0, 0, 6], [2, 4], [0, 4, 2]]
tc: [[0, 0, 0, 0, 0], [0, 0, 0], [0, 0, 0, 0, 0], [0, 0, 0], [0, 0, 0], [0, 1], [0, 1, 0]]
score: 0.02
----------------------------------------------------------------
isp: [[0, 0, 0, 0, 0], [0, 0, 0], [3, 5, 0, 0, 0], [0, 0, 12], [0, 0, 6], [2, 4], [0, 4, 2]]
tc: [[0, 0, 0, 0, 0], [0, 0, 0], [0, 0, 0, 0, 0], [0, 0, 1], [0, 0, 0], [0, 1], [0, 1, 0]]
score: 0.02
----------------------------------------------------------------
isp: [[0, 0, 0, 0, 0], [0, 0, 0], [3, 5, 0, 0, 0], [0, 0, 12], [0, 0, 6], [2, 4], [0, 4, 2]]
tc: [[0, 0, 0, 0, 0], [0, 0, 0], [0, 0, 0, 0, 0], [0, 0, 1], [0, 0, 1], [0, 1], [0, 1, 0]]
score: 0.0201
----------------------------------------------------------------
isp: [[0, 0, 0, 0, 0], [0, 0, 0], [3, 5, 0, 0, 0], [0, 0, 12], [0, 0, 6], [2, 4], [0, 4, 2]]
tc: [[0, 0, 0, 0, 0], [0, 0, 0], [0, 0, 0, 0, 0], [0, 0, 0], [0, 0, 0], [0, 1], [0, 1, 0]]
score: 0.02
----------------------------------------------------------------
isp: [[0, 0, 0, 0, 0], [0, 0, 0], [3, 5, 0, 0, 0], [0, 0, 12], [0, 0, 6], [2, 4], [0, 4, 2]]
tc: [[0, 0, 0, 0, 0], [0, 0, 0], [0, 0, 0, 0, 0], [0, 0, 0], [0, 0, 0], [0, 1], [0, 1, 0]]
score: 0.02
----------------------------------------------------------------
isp: [[0, 0, 0, 0, 0], [0, 0, 0], [3, 5, 0, 0, 0], [0, 0, 12], [0, 0, 6], [2, 4], [0, 4, 2]]
tc: [[0, 0, 0, 0, 0], [0, 0, 0], [0, 0, 0, 0, 0], [0, 0, 0], [0, 0, 0], [0, 1], [0, 1, 0]]
score: 0.02
----------------------------------------------------------------
isp: [[0, 0, 0, 0, 0], [0, 0, 0], [3, 5, 0, 0, 0], [0, 0, 12], [0, 0, 6], [2, 4], [0, 4, 2]]
tc: [[0, 0, 0, 0, 0], [0, 0, 0], [0, 0, 0, 0, 0], [0, 0, 2], [0, 0, 1], [0, 1], [0, 1, 0]]
score: 0.0201
----------------------------------------------------------------
isp: [[0, 0, 0, 0, 0], [0, 0, 0], [3, 5, 0, 0, 0], [0, 0, 12], [0, 0, 6], [2, 4], [0, 4, 2]]
tc: [[0, 0, 0, 0, 0], [0, 0, 0], [0, 0, 0, 0, 0], [0, 0, 0], [0, 0, 0], [0, 1], [0, 1, 0]]
score: 0.02
----------------------------------------------------------------
isp: [[0, 0, 0, 0, 0], [0, 0, 0], [3, 5, 0, 0, 0], [0, 0, 12], [0, 0, 6], [2, 4], [0, 4, 2]]
tc: [[0, 0, 0, 0, 0], [0, 0, 0], [0, 0, 0, 0, 0], [0, 0, 0], [0, 0, 0], [0, 1], [0, 1, 0]]
score: 0.02

