----------------------------------------------------------------
isp: [[0, 0, 0, 0, 0], [0, 0, 0], [3, 5, 0, 0, 0], [0, 0, 13], [0, 0, 7], [2, 5], [0, 5, 2]]
tc: [[0, 0, 0, 0, 0], [0, 0, 0], [0, 1, 0, 0, 0], [0, 0, 4], [0, 0, 1], [0, 1], [0, 1, 0]]
score: 0.00301
----------------------------------------------------------------
isp: [[0, 0, 0, 0, 0], [0, 0, 0], [3, 5, 0, 0, 0], [0, 0, 13], [0, 0, 7], [2, 5], [0, 5, 2]]
tc: [[0, 0, 0, 0, 0], [0, 0, 0], [0, 0, 0, 0, 0], [0, 0, 2], [0, 0, 1], [0, 1], [1, 0, 0]]
score: 100.00101
----------------------------------------------------------------
isp: [[0, 0, 0, 0, 0], [0, 0, 0], [3, 5, 0, 0, 0], [0, 0, 13], [0, 0, 7], [2, 5], [0, 5, 2]]
tc: [[0, 0, 0, 0, 0], [0, 0, 0], [0, 0, 0, 0, 0], [0, 0, 0], [0, 0, 0], [0, 1], [0, 1, 0]]
score: 0.002
----------------------------------------------------------------
isp: [[0, 0, 0, 0, 0], [0, 0, 0], [3, 5, 0, 0, 0], [0, 0, 13], [0, 0, 7], [2, 5], [0, 5, 2]]
tc: [[0, 0, 0, 0, 0], [0, 0, 0], [0, 0, 0, 0, 0], [0, 0, 2], [0, 0, 1], [0, 1], [0, 1, 0]]
score: 0.00201
----------------------------------------------------------------
isp: [[0, 0, 0, 0, 0], [0, 0, 0], [3, 5, 0, 0, 0], [0, 0, 13], [0, 0, 7], [2, 5], [0, 5, 2]]
tc: [[0, 0, 0, 0, 0], [0, 0, 0], [0, 0, 0, 0, 0], [0, 0, 0], [0, 0, 0], [0, 1], [0, 1, 0]]
score: 0.002
----------------------------------------------------------------
isp: [[0, 0, 0, 0, 0], [0, 0, 0], [3, 5, 0, 0, 0], [0, 0, 13], [0, 0, 7], [2, 5], [0, 5, 2]]
tc: [[0, 0, 0, 0, 0], [0, 0, 0], [0, 0, 0, 0, 0], [0, 0, 0], [0, 0, 0], [0, 1], [0, 1, 0]]
score: 0.002
----------------------------------------------------------------
isp: [[0, 0, 0, 0, 0], [0, 0, 0], [3, 5, 0, 0, 0], [0, 0, 13], [0, 0, 7], [2, 5], [0, 5, 2]]
tc: [[0, 0, 0, 0, 0], [0, 0, 0], [0, 2, 0, 0, 0], [0, 0, 1], [0, 0, 0], [0, 1], [0, 1, 0]]
score: 0.0031000003
----------------------------------------------------------------
isp: [[0, 0, 0, 0, 0], [0, 0, 0], [3, 5, 0, 0, 0], [0, 0, 13], [0, 0, 7], [2, 5], [0, 5, 2]]
tc: [[0, 0, 0, 0, 0], [0, 0, 0], [0, 0, 0, 0, 0], [0, 0, 0], [0, 0, 0], [0, 1], [0, 1, 0]]
score: 0.002
----------------------------------------------------------------
isp: [[0, 0, 0, 0, 0], [0, 0, 0], [3, 5, 0, 0, 0], [0, 0, 13], [0, 0, 7], [2, 5], [0, 5, 2]]
tc: [[0, 0, 0, 0, 0], [0, 0, 0], [0, 0, 0, 0, 0], [0, 0, 0], [0, 0, 0], [0, 1], [0, 1, 0]]
score: 0.002
----------------------------------------------------------------
isp: [[0, 0, 0, 0, 0], [0, 0, 0], [3, 5, 0, 0, 0], [0, 0, 13], [0, 0, 7], [2, 5], [0, 5, 2]]
tc: [[0, 0, 0, 0, 0], [0, 0, 0], [2, 0, 0, 0, 0], [0, 0, 1], [0, 0, 0], [0, 1], [0, 1, 0]]
score: 0.112

