----------------------------------------------------------------
isp: [[0, 0, 0, 0, 0], [0, 0, 0], [3, 5, 0, 0, 0], [0, 0, 15], [0, 0, 8], [2, 6], [1, 5, 2]]
tc: [[0, 0, 0, 0, 0], [0, 0, 0], [0, 0, 0, 0, 0], [0, 0, 0], [0, 0, 0], [0, 1], [0, 1, 0]]
score: 0.0011
----------------------------------------------------------------
isp: [[0, 0, 0, 0, 0], [0, 0, 0], [3, 5, 0, 0, 0], [0, 0, 15], [0, 0, 8], [2, 6], [1, 5, 2]]
tc: [[0, 0, 0, 0, 0], [0, 0, 0], [0, 0, 0, 0, 0], [0, 0, 1], [0, 0, 0], [1, 0], [0, 1, 0]]
score: 1.001
----------------------------------------------------------------
isp: [[0, 0, 0, 0, 0], [0, 0, 0], [3, 5, 0, 0, 0], [0, 0, 15], [0, 0, 8], [2, 6], [1, 5, 2]]
tc: [[0, 0, 0, 0, 0], [0, 0, 0], [0, 1, 0, 0, 0], [0, 0, 2], [0, 0, 1], [0, 1], [0, 1, 0]]
score: 0.002101
----------------------------------------------------------------
isp: [[0, 0, 0, 0, 0], [0, 0, 0], [3, 5, 0, 0, 0], [0, 0, 15], [0, 0, 8], [2, 6], [1, 5, 2]]
tc: [[0, 0, 0, 0, 0], [0, 0, 0], [1, 0, 0, 0, 0], [0, 0, 2], [0, 0, 2], [1, 0], [0, 1, 0]]
score: 1.1010011
----------------------------------------------------------------
isp: [[0, 0, 0, 0, 0], [0, 0, 0], [3, 5, 0, 0, 0], [0, 0, 15], [0, 0, 8], [2, 6], [1, 5, 2]]
tc: [[0, 0, 0, 0, 0], [0, 0, 0], [0, 1, 0, 0, 0], [0, 0, 1], [0, 0, 0], [0, 1], [0, 1, 0]]
score: 0.0021000002
----------------------------------------------------------------
isp: [[0, 0, 0, 0, 0], [0, 0, 0], [3, 5, 0, 0, 0], [0, 0, 15], [0, 0, 8], [2, 6], [1, 5, 2]]
tc: [[0, 0, 0, 0, 0], [0, 0, 0], [0, 0, 0, 0, 0], [0, 0, 3], [0, 0, 0], [0, 1], [0, 1, 0]]
score: 0.0011
----------------------------------------------------------------
isp: [[0, 0, 0, 0, 0], [0, 0, 0], [3, 5, 0, 0, 0], [0, 0, 15], [0, 0, 8], [2, 6], [1, 5, 2]]
tc: [[0, 0, 0, 0, 0], [0, 0, 0], [0, 0, 0, 0, 0], [0, 0, 0], [0, 0, 0], [0, 1], [0, 1, 0]]
score: 0.0011
----------------------------------------------------------------
isp: [[0, 0, 0, 0, 0], [0, 0, 0], [3, 5, 0, 0, 0], [0, 0, 15], [0, 0, 8], [2, 6], [1, 5, 2]]
tc: [[0, 0, 0, 0, 0], [0, 0, 0], [0, 1, 0, 0, 0], [0, 0, 1], [0, 0, 1], [0, 1], [0, 1, 0]]
score: 0.002101
----------------------------------------------------------------
isp: [[0, 0, 0, 0, 0], [0, 0, 0], [3, 5, 0, 0, 0], [0, 0, 15], [0, 0, 8], [2, 6], [1, 5, 2]]
tc: [[0, 0, 0, 0, 0], [0, 0, 0], [0, 0, 0, 0, 0], [0, 0, 0], [0, 0, 0], [0, 1], [0, 1, 0]]
score: 0.0011
----------------------------------------------------------------
isp: [[0, 0, 0, 0, 0], [0, 0, 0], [3, 5, 0, 0, 0], [0, 0, 15], [0, 0, 8], [2, 6], [1, 5, 2]]
tc: [[0, 0, 0, 0, 0], [0, 0, 0], [0, 0, 0, 0, 0], [0, 0, 1], [0, 0, 1], [1, 0], [0, 1, 0]]
score: 1.001001

