----------------------------------------------------------------
isp: [[0, 0, 0, 0, 0], [0, 0, 0], [4, 5, 0, 0, 0], [0, 0, 17], [0, 0, 10], [3, 6], [1, 6, 2]]
tc: [[0, 0, 0, 0, 0], [0, 0, 0], [0, 0, 0, 0, 0], [0, 0, 0], [0, 0, 0], [0, 1], [0, 1, 0]]
score: 2.0E-4
----------------------------------------------------------------
isp: [[0, 0, 0, 0, 0], [0, 0, 0], [4, 5, 0, 0, 0], [0, 0, 17], [0, 0, 10], [3, 6], [1, 6, 2]]
tc: [[0, 0, 0, 0, 0], [0, 0, 0], [0, 1, 0, 0, 0], [0, 0, 2], [0, 0, 1], [1, 0], [0, 1, 0]]
score: 0.10110001
----------------------------------------------------------------
isp: [[0, 0, 0, 0, 0], [0, 0, 0], [4, 5, 0, 0, 0], [0, 0, 17], [0, 0, 10], [3, 6], [1, 6, 2]]
tc: [[1, 1, 0, 0, 0], [0, 0, 2], [0, 2, 0, 0, 0], [0, 0, 4], [0, 0, 1], [0, 1], [0, 1, 0]]
score: 310.00128
----------------------------------------------------------------
isp: [[0, 0, 0, 0, 0], [0, 0, 0], [4, 5, 0, 0, 0], [0, 0, 17], [0, 0, 10], [3, 6], [1, 6, 2]]
tc: [[0, 0, 0, 0, 0], [0, 0, 0], [0, 0, 0, 0, 0], [0, 0, 1], [0, 0, 0], [0, 1], [0, 1, 0]]
score: 2.0E-4
----------------------------------------------------------------
isp: [[0, 0, 0, 0, 0], [0, 0, 0], [4, 5, 0, 0, 0], [0, 0, 17], [0, 0, 10], [3, 6], [1, 6, 2]]
tc: [[0, 0, 0, 0, 0], [0, 0, 0], [0, 0, 0, 0, 0], [0, 0, 0], [0, 0, 0], [0, 1], [0, 1, 0]]
score: 2.0E-4
----------------------------------------------------------------
isp: [[0, 0, 0, 0, 0], [0, 0, 0], [4, 5, 0, 0, 0], [0, 0, 17], [0, 0, 10], [3, 6], [1, 6, 2]]
tc: [[0, 0, 0, 0, 0], [0, 0, 0], [0, 0, 0, 0, 0], [0, 0, 1], [0, 0, 1], [0, 1], [0, 1, 0]]
score: 2.0000999E-4
----------------------------------------------------------------
isp: [[0, 0, 0, 0, 0], [0, 0, 0], [4, 5, 0, 0, 0], [0, 0, 17], [0, 0, 10], [3, 6], [1, 6, 2]]
tc: [[0, 0, 0, 0, 0], [0, 0, 0], [0, 0, 0, 0, 0], [0, 0, 0], [0, 0, 0], [0, 1], [0, 1, 0]]
score: 2.0E-4
----------------------------------------------------------------
isp: [[0, 0, 0, 0, 0], [0, 0, 0], [4, 5, 0, 0, 0], [0, 0, 17], [0, 0, 10], [3, 6], [1, 6, 2]]
tc: [[0, 0, 0, 0, 0], [0, 0, 0], [0, 0, 0, 0, 0], [0, 0, 0], [0, 0, 0], [0, 1], [0, 1, 0]]
score: 2.0E-4
----------------------------------------------------------------
isp: [[0, 0, 0, 0, 0], [0, 0, 0], [4, 5, 0, 0, 0], [0, 0, 17], [0, 0, 10], [3, 6], [1, 6, 2]]
tc: [[0, 0, 0, 0, 0], [0, 0, 0], [0, 0, 0, 0, 0], [0, 0, 3], [0, 0, 1], [1, 0], [0, 1, 0]]
score: 0.10010001
----------------------------------------------------------------
isp: [[0, 0, 0, 0, 0], [0, 0, 0], [4, 5, 0, 0, 0], [0, 0, 17], [0, 0, 10], [3, 6], [1, 6, 2]]
tc: [[0, 0, 0, 0, 0], [0, 0, 0], [0, 0, 0, 0, 0], [0, 0, 0], [0, 0, 0], [0, 1], [0, 1, 0]]
score: 2.0E-4

