----------------------------------------------------------------
isp: []
tc: [[0, 0, 0, 0, 0], [0, 0, 0], [0, 0, 0, 0, 0], [0, 0, 1], [0, 0, 1], [0, 1], [0, 1, 0]]
score: 400.0
----------------------------------------------------------------
isp: []
tc: [[0, 0, 0, 0, 0], [0, 0, 0], [0, 0, 0, 0, 0], [0, 0, 0], [0, 0, 0], [0, 1], [0, 1, 0]]
score: 200.0
----------------------------------------------------------------
isp: []
tc: [[0, 0, 0, 0, 0], [0, 0, 0], [0, 0, 0, 0, 0], [0, 0, 0], [0, 0, 0], [0, 1], [0, 1, 0]]
score: 200.0
----------------------------------------------------------------
isp: []
tc: [[0, 0, 0, 0, 0], [0, 0, 0], [0, 0, 0, 0, 0], [0, 0, 1], [0, 0, 1], [1, 0], [0, 1, 0]]
score: 400.0
----------------------------------------------------------------
isp: []
tc: [[0, 0, 0, 0, 0], [0, 0, 0], [1, 0, 0, 0, 0], [0, 0, 1], [0, 0, 1], [0, 1], [0, 1, 0]]
score: 500.0
----------------------------------------------------------------
isp: []
tc: [[1, 0, 0, 0, 1], [0, 2, 0], [0, 0, 0, 0, 1], [0, 1, 2], [0, 1, 0], [0, 1], [0, 1, 0]]
score: 920.0
----------------------------------------------------------------
isp: []
tc: [[0, 0, 0, 0, 0], [0, 0, 0], [0, 0, 0, 0, 0], [0, 0, 2], [0, 0, 2], [0, 1], [0, 1, 0]]
score: 420.0
----------------------------------------------------------------
isp: []
tc: [[0, 0, 0, 0, 0], [0, 0, 0], [1, 0, 0, 0, 0], [0, 0, 1], [0, 0, 0], [0, 1], [0, 1, 0]]
score: 400.0
----------------------------------------------------------------
isp: []
tc: [[0, 0, 0, 0, 0], [0, 0, 0], [0, 0, 0, 0, 0], [0, 0, 1], [0, 0, 1], [1, 0], [0, 1, 0]]
score: 400.0
----------------------------------------------------------------
isp: []
tc: [[0, 0, 0, 0, 0], [0, 0, 0], [1, 0, 0, 0, 0], [0, 0, 2], [0, 0, 0], [0, 1], [0, 1, 0]]
score: 410.0

