----------------------------------------------------------------
isp: [[1, 1, 0, 1, 1], [0, 2, 2], [3, 5, 0, 0, 1], [0, 1, 20], [0, 1, 10], [3, 7], [2, 8, 0]]
tc: [[0, 0, 0, 0, 0], [0, 0, 0], [0, 0, 0, 0, 0], [0, 0, 0], [0, 0, 0], [0, 1], [0, 1, 0]]
score: 1.1E-5
----------------------------------------------------------------
isp: [[1, 1, 0, 1, 1], [0, 2, 2], [3, 5, 0, 0, 1], [0, 1, 20], [0, 1, 10], [3, 7], [2, 8, 0]]
tc: [[0, 0, 0, 0, 0], [0, 0, 0], [0, 0, 0, 0, 0], [0, 0, 2], [0, 0, 1], [0, 1], [0, 1, 0]]
score: 1.101E-5
----------------------------------------------------------------
isp: [[1, 1, 0, 1, 1], [0, 2, 2], [3, 5, 0, 0, 1], [0, 1, 20], [0, 1, 10], [3, 7], [2, 8, 0]]
tc: [[0, 0, 0, 0, 0], [0, 0, 0], [0, 0, 0, 0, 0], [0, 0, 3], [0, 0, 2], [0, 1], [0, 1, 0]]
score: 1.1011E-5
----------------------------------------------------------------
isp: [[1, 1, 0, 1, 1], [0, 2, 2], [3, 5, 0, 0, 1], [0, 1, 20], [0, 1, 10], [3, 7], [2, 8, 0]]
tc: [[0, 0, 0, 0, 0], [0, 0, 0], [0, 0, 0, 0, 0], [0, 0, 3], [0, 0, 2], [0, 1], [0, 1, 0]]
score: 1.1011E-5
----------------------------------------------------------------
isp: [[1, 1, 0, 1, 1], [0, 2, 2], [3, 5, 0, 0, 1], [0, 1, 20], [0, 1, 10], [3, 7], [2, 8, 0]]
tc: [[0, 0, 0, 0, 0], [0, 0, 0], [0, 0, 0, 0, 0], [0, 0, 3], [0, 0, 1], [1, 0], [0, 1, 0]]
score: 0.10000101
----------------------------------------------------------------
isp: [[1, 1, 0, 1, 1], [0, 2, 2], [3, 5, 0, 0, 1], [0, 1, 20], [0, 1, 10], [3, 7], [2, 8, 0]]
tc: [[0, 0, 0, 0, 0], [0, 0, 0], [0, 1, 0, 0, 0], [0, 0, 1], [0, 0, 1], [0, 1], [0, 1, 0]]
score: 0.00101101
----------------------------------------------------------------
isp: [[1, 1, 0, 1, 1], [0, 2, 2], [3, 5, 0, 0, 1], [0, 1, 20], [0, 1, 10], [3, 7], [2, 8, 0]]
tc: [[0, 0, 0, 0, 0], [0, 0, 0], [0, 0, 0, 0, 0], [0, 0, 1], [0, 0, 0], [0, 1], [0, 1, 0]]
score: 1.1E-5
----------------------------------------------------------------
isp: [[1, 1, 0, 1, 1], [0, 2, 2], [3, 5, 0, 0, 1], [0, 1, 20], [0, 1, 10], [3, 7], [2, 8, 0]]
tc: [[0, 0, 0, 0, 0], [0, 0, 0], [0, 2, 0, 0, 0], [0, 0, 1], [0, 0, 0], [0, 1], [0, 1, 0]]
score: 0.001111
----------------------------------------------------------------
isp: [[1, 1, 0, 1, 1], [0, 2, 2], [3, 5, 0, 0, 1], [0, 1, 20], [0, 1, 10], [3, 7], [2, 8, 0]]
tc: [[0, 0, 0, 0, 0], [0, 0, 0], [0, 0, 0, 0, 0], [0, 0, 0], [0, 0, 0], [0, 1], [0, 1, 0]]
score: 1.1E-5
----------------------------------------------------------------
isp: [[1, 1, 0, 1, 1], [0, 2, 2], [3, 5, 0, 0, 1], [0, 1, 20], [0, 1, 10], [3, 7], [2, 8, 0]]
tc: [[0, 0, 0, 0, 0], [0, 0, 0], [0, 2, 0, 0, 0], [0, 0, 1], [0, 0, 1], [0, 1], [0, 1, 0]]
score: 0.00111101

