----------------------------------------------------------------
isp: [[1, 1, 0, 1, 1], [0, 2, 2], [3, 5, 0, 0, 1], [0, 1, 23], [0, 1, 11], [4, 7], [2, 9, 0]]
tc: [[0, 0, 0, 0, 0], [0, 0, 0], [1, 1, 0, 0, 0], [0, 0, 1], [0, 0, 1], [0, 1], [0, 1, 0]]
score: 0.1010101
----------------------------------------------------------------
isp: [[1, 1, 0, 1, 1], [0, 2, 2], [3, 5, 0, 0, 1], [0, 1, 23], [0, 1, 11], [4, 7], [2, 9, 0]]
tc: [[0, 0, 0, 0, 0], [0, 0, 0], [0, 0, 0, 0, 0], [0, 0, 0], [0, 0, 0], [0, 1], [0, 1, 0]]
score: 1.01E-5
----------------------------------------------------------------
isp: [[1, 1, 0, 1, 1], [0, 2, 2], [3, 5, 0, 0, 1], [0, 1, 23], [0, 1, 11], [4, 7], [2, 9, 0]]
tc: [[0, 0, 0, 0, 0], [0, 0, 0], [0, 0, 0, 0, 0], [0, 0, 1], [0, 0, 1], [0, 1], [0, 1, 0]]
score: 1.0101E-5
----------------------------------------------------------------
isp: [[1, 1, 0, 1, 1], [0, 2, 2], [3, 5, 0, 0, 1], [0, 1, 23], [0, 1, 11], [4, 7], [2, 9, 0]]
tc: [[0, 0, 0, 0, 0], [0, 0, 0], [0, 0, 0, 0, 0], [0, 0, 1], [0, 0, 1], [0, 1], [0, 1, 0]]
score: 1.0101E-5
----------------------------------------------------------------
isp: [[1, 1, 0, 1, 1], [0, 2, 2], [3, 5, 0, 0, 1], [0, 1, 23], [0, 1, 11], [4, 7], [2, 9, 0]]
tc: [[0, 0, 0, 0, 0], [0, 0, 0], [0, 0, 0, 0, 0], [0, 0, 0], [0, 0, 0], [0, 1], [0, 1, 0]]
score: 1.01E-5
----------------------------------------------------------------
isp: [[1, 1, 0, 1, 1], [0, 2, 2], [3, 5, 0, 0, 1], [0, 1, 23], [0, 1, 11], [4, 7], [2, 9, 0]]
tc: [[0, 0, 0, 0, 0], [0, 0, 0], [0, 0, 0, 0, 0], [0, 0, 2], [0, 0, 1], [0, 1], [0, 1, 0]]
score: 1.0101E-5
----------------------------------------------------------------
isp: [[1, 1, 0, 1, 1], [0, 2, 2], [3, 5, 0, 0, 1], [0, 1, 23], [0, 1, 11], [4, 7], [2, 9, 0]]
tc: [[0, 0, 0, 0, 0], [0, 0, 0], [0, 0, 0, 0, 0], [0, 0, 0], [0, 0, 0], [0, 1], [0, 1, 0]]
score: 1.01E-5
----------------------------------------------------------------
isp: [[1, 1, 0, 1, 1], [0, 2, 2], [3, 5, 0, 0, 1], [0, 1, 23], [0, 1, 11], [4, 7], [2, 9, 0]]
tc: [[0, 0, 0, 0, 0], [0, 0, 0], [0, 0, 0, 0, 0], [0, 0, 0], [0, 0, 0], [0, 1], [0, 1, 0]]
score: 1.01E-5
----------------------------------------------------------------
isp: [[1, 1, 0, 1, 1], [0, 2, 2], [3, 5, 0, 0, 1], [0, 1, 23], [0, 1, 11], [4, 7], [2, 9, 0]]
tc: [[0, 0, 0, 0, 0], [0, 0, 0], [0, 0, 0, 0, 0], [0, 0, 0], [0, 0, 0], [0, 1], [0, 1, 0]]
score: 1.01E-5
----------------------------------------------------------------
isp: [[1, 1, 0, 1, 1], [0, 2, 2], [3, 5, 0, 0, 1], [0, 1, 23], [0, 1, 11], [4, 7], [2, 9, 0]]
tc: [[0, 0, 0, 0, 0], [0, 0, 0], [0, 0, 0, 0, 0], [0, 0, 1], [0, 0, 1], [0, 1], [0, 1, 0]]
score: 1.0101E-5

