----------------------------------------------------------------
isp: [[1, 1, 0, 1, 1], [0, 2, 2], [4, 6, 0, 0, 1], [0, 1, 24], [0, 1, 12], [4, 8], [2, 10, 0]]
tc: [[0, 0, 0, 0, 0], [0, 0, 0], [0, 0, 0, 0, 0], [0, 0, 2], [0, 0, 1], [0, 1], [0, 1, 0]]
score: 1.0101E-6
----------------------------------------------------------------
isp: [[1, 1, 0, 1, 1], [0, 2, 2], [4, 6, 0, 0, 1], [0, 1, 24], [0, 1, 12], [4, 8], [2, 10, 0]]
tc: [[0, 0, 0, 0, 0], [0, 0, 0], [0, 0, 0, 0, 0], [0, 0, 1], [0, 0, 1], [0, 1], [0, 1, 0]]
score: 1.0101E-6
----------------------------------------------------------------
isp: [[1, 1, 0, 1, 1], [0, 2, 2], [4, 6, 0, 0, 1], [0, 1, 24], [0, 1, 12], [4, 8], [2, 10, 0]]
tc: [[1, 0, 0, 0, 0], [0, 1, 0], [0, 0, 0, 0, 0], [0, 0, 2], [0, 0, 0], [0, 1], [0, 1, 0]]
score: 11.000001
----------------------------------------------------------------
isp: [[1, 1, 0, 1, 1], [0, 2, 2], [4, 6, 0, 0, 1], [0, 1, 24], [0, 1, 12], [4, 8], [2, 10, 0]]
tc: [[0, 0, 0, 0, 0], [0, 0, 0], [0, 0, 0, 0, 0], [0, 0, 0], [0, 0, 0], [0, 1], [0, 1, 0]]
score: 1.01E-6
----------------------------------------------------------------
isp: [[1, 1, 0, 1, 1], [0, 2, 2], [4, 6, 0, 0, 1], [0, 1, 24], [0, 1, 12], [4, 8], [2, 10, 0]]
tc: [[0, 0, 0, 0, 0], [0, 0, 0], [0, 0, 0, 0, 0], [0, 0, 1], [0, 0, 0], [0, 1], [0, 1, 0]]
score: 1.01E-6
----------------------------------------------------------------
isp: [[1, 1, 0, 1, 1], [0, 2, 2], [4, 6, 0, 0, 1], [0, 1, 24], [0, 1, 12], [4, 8], [2, 10, 0]]
tc: [[0, 0, 0, 0, 0], [0, 0, 0], [2, 2, 0, 0, 0], [0, 0, 1], [0, 0, 0], [0, 1], [0, 1, 0]]
score: 0.011111011
----------------------------------------------------------------
isp: [[1, 1, 0, 1, 1], [0, 2, 2], [4, 6, 0, 0, 1], [0, 1, 24], [0, 1, 12], [4, 8], [2, 10, 0]]
tc: [[0, 0, 0, 0, 0], [0, 0, 0], [0, 0, 0, 0, 0], [0, 0, 3], [0, 0, 1], [0, 1], [1, 0, 0]]
score: 1.000001
----------------------------------------------------------------
isp: [[1, 1, 0, 1, 1], [0, 2, 2], [4, 6, 0, 0, 1], [0, 1, 24], [0, 1, 12], [4, 8], [2, 10, 0]]
tc: [[0, 0, 0, 0, 0], [0, 0, 0], [1, 0, 0, 0, 0], [0, 0, 2], [0, 0, 1], [0, 1], [0, 1, 0]]
score: 0.01000101
----------------------------------------------------------------
isp: [[1, 1, 0, 1, 1], [0, 2, 2], [4, 6, 0, 0, 1], [0, 1, 24], [0, 1, 12], [4, 8], [2, 10, 0]]
tc: [[0, 0, 0, 0, 0], [0, 0, 0], [0, 0, 0, 0, 0], [0, 0, 2], [0, 0, 0], [1, 0], [0, 1, 0]]
score: 0.01000001
----------------------------------------------------------------
isp: [[1, 1, 0, 1, 1], [0, 2, 2], [4, 6, 0, 0, 1], [0, 1, 24], [0, 1, 12], [4, 8], [2, 10, 0]]
tc: [[0, 0, 0, 0, 0], [0, 0, 0], [0, 0, 0, 0, 0], [0, 0, 0], [0, 0, 0], [0, 1], [0, 1, 0]]
score: 1.01E-6

