----------------------------------------------------------------
isp: [[2, 1, 0, 1, 1], [0, 3, 2], [4, 6, 0, 0, 1], [0, 1, 26], [0, 1, 12], [4, 9], [2, 11, 0]]
tc: [[0, 0, 0, 0, 0], [0, 0, 0], [0, 0, 0, 0, 0], [0, 0, 0], [0, 0, 0], [0, 1], [0, 1, 0]]
score: 1.01E-7
----------------------------------------------------------------
isp: [[2, 1, 0, 1, 1], [0, 3, 2], [4, 6, 0, 0, 1], [0, 1, 26], [0, 1, 12], [4, 9], [2, 11, 0]]
tc: [[0, 0, 0, 0, 0], [0, 0, 0], [0, 0, 0, 0, 0], [0, 0, 0], [0, 0, 0], [0, 1], [0, 1, 0]]
score: 1.01E-7
----------------------------------------------------------------
isp: [[2, 1, 0, 1, 1], [0, 3, 2], [4, 6, 0, 0, 1], [0, 1, 26], [0, 1, 12], [4, 9], [2, 11, 0]]
tc: [[0, 0, 0, 0, 0], [0, 0, 0], [0, 0, 0, 0, 0], [0, 0, 4], [0, 0, 2], [0, 1], [1, 0, 0]]
score: 1.0000001
----------------------------------------------------------------
isp: [[2, 1, 0, 1, 1], [0, 3, 2], [4, 6, 0, 0, 1], [0, 1, 26], [0, 1, 12], [4, 9], [2, 11, 0]]
tc: [[0, 0, 0, 0, 0], [0, 0, 0], [0, 0, 0, 0, 0], [0, 0, 1], [0, 0, 1], [0, 1], [0, 1, 0]]
score: 1.011E-7
----------------------------------------------------------------
isp: [[2, 1, 0, 1, 1], [0, 3, 2], [4, 6, 0, 0, 1], [0, 1, 26], [0, 1, 12], [4, 9], [2, 11, 0]]
tc: [[0, 0, 0, 0, 0], [0, 0, 0], [0, 0, 0, 0, 0], [0, 0, 0], [0, 0, 0], [0, 1], [0, 1, 0]]
score: 1.01E-7
----------------------------------------------------------------
isp: [[2, 1, 0, 1, 1], [0, 3, 2], [4, 6, 0, 0, 1], [0, 1, 26], [0, 1, 12], [4, 9], [2, 11, 0]]
tc: [[0, 0, 0, 0, 0], [0, 0, 0], [0, 0, 0, 0, 0], [0, 0, 2], [0, 0, 1], [0, 1], [0, 1, 0]]
score: 1.011E-7
----------------------------------------------------------------
isp: [[2, 1, 0, 1, 1], [0, 3, 2], [4, 6, 0, 0, 1], [0, 1, 26], [0, 1, 12], [4, 9], [2, 11, 0]]
tc: [[0, 0, 0, 0, 0], [0, 0, 0], [0, 0, 0, 0, 0], [0, 0, 0], [0, 0, 0], [0, 1], [0, 1, 0]]
score: 1.01E-7
----------------------------------------------------------------
isp: [[2, 1, 0, 1, 1], [0, 3, 2], [4, 6, 0, 0, 1], [0, 1, 26], [0, 1, 12], [4, 9], [2, 11, 0]]
tc: [[0, 0, 0, 0, 0], [0, 0, 0], [0, 1, 0, 0, 0], [0, 0, 4], [0, 0, 2], [0, 1], [1, 0, 0]]
score: 1.0001001
----------------------------------------------------------------
isp: [[2, 1, 0, 1, 1], [0, 3, 2], [4, 6, 0, 0, 1], [0, 1, 26], [0, 1, 12], [4, 9], [2, 11, 0]]
tc: [[0, 0, 0, 0, 0], [0, 0, 0], [2, 2, 0, 0, 0], [0, 0, 1], [0, 0, 1], [0, 1], [0, 1, 0]]
score: 0.011110101
----------------------------------------------------------------
isp: [[2, 1, 0, 1, 1], [0, 3, 2], [4, 6, 0, 0, 1], [0, 1, 26], [0, 1, 12], [4, 9], [2, 11, 0]]
tc: [[0, 0, 0, 0, 0], [0, 0, 0], [0, 0, 0, 0, 0], [0, 0, 3], [0, 0, 2], [0, 1], [0, 1, 0]]
score: 1.0111E-7

