----------------------------------------------------------------
isp: [[2, 1, 0, 1, 1], [0, 3, 2], [4, 7, 0, 0, 1], [0, 1, 30], [0, 1, 14], [4, 10], [3, 11, 0]]
tc: [[0, 0, 0, 0, 0], [0, 0, 0], [0, 0, 0, 0, 0], [0, 0, 0], [0, 0, 0], [0, 1], [0, 1, 0]]
score: 1.1E-8
----------------------------------------------------------------
isp: [[2, 1, 0, 1, 1], [0, 3, 2], [4, 7, 0, 0, 1], [0, 1, 30], [0, 1, 14], [4, 10], [3, 11, 0]]
tc: [[0, 0, 0, 0, 0], [0, 0, 0], [0, 0, 0, 0, 0], [0, 0, 0], [0, 0, 0], [0, 1], [0, 1, 0]]
score: 1.1E-8
----------------------------------------------------------------
isp: [[2, 1, 0, 1, 1], [0, 3, 2], [4, 7, 0, 0, 1], [0, 1, 30], [0, 1, 14], [4, 10], [3, 11, 0]]
tc: [[0, 0, 0, 0, 0], [0, 0, 0], [1, 1, 0, 0, 0], [0, 0, 2], [0, 0, 2], [0, 1], [0, 1, 0]]
score: 0.010010011
----------------------------------------------------------------
isp: [[2, 1, 0, 1, 1], [0, 3, 2], [4, 7, 0, 0, 1], [0, 1, 30], [0, 1, 14], [4, 10], [3, 11, 0]]
tc: [[0, 0, 0, 0, 0], [0, 0, 0], [0, 0, 0, 0, 0], [0, 0, 0], [0, 0, 0], [0, 1], [0, 1, 0]]
score: 1.1E-8
----------------------------------------------------------------
isp: [[2, 1, 0, 1, 1], [0, 3, 2], [4, 7, 0, 0, 1], [0, 1, 30], [0, 1, 14], [4, 10], [3, 11, 0]]
tc: [[0, 0, 0, 0, 0], [0, 0, 0], [0, 0, 0, 0, 0], [0, 0, 2], [0, 0, 1], [1, 0], [0, 1, 0]]
score: 0.010000001
----------------------------------------------------------------
isp: [[2, 1, 0, 1, 1], [0, 3, 2], [4, 7, 0, 0, 1], [0, 1, 30], [0, 1, 14], [4, 10], [3, 11, 0]]
tc: [[0, 0, 0, 0, 0], [0, 0, 0], [0, 0, 0, 0, 0], [0, 0, 0], [0, 0, 0], [0, 1], [0, 1, 0]]
score: 1.1E-8
----------------------------------------------------------------
isp: [[2, 1, 0, 1, 1], [0, 3, 2], [4, 7, 0, 0, 1], [0, 1, 30], [0, 1, 14], [4, 10], [3, 11, 0]]
tc: [[0, 0, 0, 0, 0], [0, 0, 0], [0, 0, 0, 0, 0], [0, 0, 1], [0, 0, 0], [0, 1], [0, 1, 0]]
score: 1.1E-8
----------------------------------------------------------------
isp: [[2, 1, 0, 1, 1], [0, 3, 2], [4, 7, 0, 0, 1], [0, 1, 30], [0, 1, 14], [4, 10], [3, 11, 0]]
tc: [[0, 0, 0, 0, 0], [0, 0, 0], [0, 0, 0, 0, 0], [0, 0, 1], [0, 0, 1], [0, 1], [0, 1, 0]]
score: 1.1001E-8
----------------------------------------------------------------
isp: [[2, 1, 0, 1, 1], [0, 3, 2], [4, 7, 0, 0, 1], [0, 1, 30], [0, 1, 14], [4, 10], [3, 11, 0]]
tc: [[0, 0, 0, 0, 0], [0, 0, 0], [0, 0, 0, 0, 0], [0, 0, 0], [0, 0, 0], [0, 1], [0, 1, 0]]
score: 1.1E-8
----------------------------------------------------------------
isp: [[2, 1, 0, 1, 1], [0, 3, 2], [4, 7, 0, 0, 1], [0, 1, 30], [0, 1, 14], [4, 10], [3, 11, 0]]
tc: [[0, 0, 0, 0, 0], [0, 0, 0], [0, 0, 0, 0, 0], [0, 0, 0], [0, 0, 0], [0, 1], [0, 1, 0]]
score: 1.1E-8

