----------------------------------------------------------------
isp: [[2, 1, 0, 1, 1], [0, 3, 2], [5, 8, 0, 0, 1], [0, 1, 32], [0, 1, 16], [4, 11], [3, 12, 0]]
tc: [[0, 0, 0, 0, 0], [0, 0, 0], [0, 1, 0, 0, 0], [0, 0, 3], [0, 0, 0], [0, 1], [0, 1, 0]]
score: 1.0011E-6
----------------------------------------------------------------
isp: [[2, 1, 0, 1, 1], [0, 3, 2], [5, 8, 0, 0, 1], [0, 1, 32], [0, 1, 16], [4, 11], [3, 12, 0]]
tc: [[0, 0, 0, 0, 0], [0, 0, 0], [0, 0, 0, 0, 0], [0, 0, 0], [0, 0, 0], [0, 1], [0, 1, 0]]
score: 1.1E-9
----------------------------------------------------------------
isp: [[2, 1, 0, 1, 1], [0, 3, 2], [5, 8, 0, 0, 1], [0, 1, 32], [0, 1, 16], [4, 11], [3, 12, 0]]
tc: [[0, 0, 0, 0, 0], [0, 0, 0], [0, 0, 0, 0, 0], [0, 0, 1], [0, 0, 0], [1, 0], [0, 1, 0]]
score: 0.01
----------------------------------------------------------------
isp: [[2, 1, 0, 1, 1], [0, 3, 2], [5, 8, 0, 0, 1], [0, 1, 32], [0, 1, 16], [4, 11], [3, 12, 0]]
tc: [[0, 0, 0, 0, 0], [0, 0, 0], [0, 0, 0, 0, 0], [0, 0, 1], [0, 0, 0], [0, 1], [0, 1, 0]]
score: 1.1E-9
----------------------------------------------------------------
isp: [[2, 1, 0, 1, 1], [0, 3, 2], [5, 8, 0, 0, 1], [0, 1, 32], [0, 1, 16], [4, 11], [3, 12, 0]]
tc: [[0, 0, 0, 0, 1], [0, 1, 0], [1, 1, 0, 0, 1], [0, 1, 1], [0, 0, 1], [0, 1], [0, 1, 0]]
score: 30.101002
----------------------------------------------------------------
isp: [[2, 1, 0, 1, 1], [0, 3, 2], [5, 8, 0, 0, 1], [0, 1, 32], [0, 1, 16], [4, 11], [3, 12, 0]]
tc: [[0, 0, 0, 0, 0], [0, 0, 0], [0, 0, 0, 0, 0], [0, 0, 0], [0, 0, 0], [0, 1], [0, 1, 0]]
score: 1.1E-9
----------------------------------------------------------------
isp: [[2, 1, 0, 1, 1], [0, 3, 2], [5, 8, 0, 0, 1], [0, 1, 32], [0, 1, 16], [4, 11], [3, 12, 0]]
tc: [[0, 0, 0, 0, 0], [0, 0, 0], [0, 0, 0, 0, 0], [0, 0, 0], [0, 0, 0], [0, 1], [0, 1, 0]]
score: 1.1E-9
----------------------------------------------------------------
isp: [[2, 1, 0, 1, 1], [0, 3, 2], [5, 8, 0, 0, 1], [0, 1, 32], [0, 1, 16], [4, 11], [3, 12, 0]]
tc: [[0, 0, 0, 0, 0], [0, 0, 0], [0, 0, 0, 0, 0], [0, 0, 1], [0, 0, 1], [0, 1], [0, 1, 0]]
score: 1.10001E-9
----------------------------------------------------------------
isp: [[2, 1, 0, 1, 1], [0, 3, 2], [5, 8, 0, 0, 1], [0, 1, 32], [0, 1, 16], [4, 11], [3, 12, 0]]
tc: [[0, 0, 0, 0, 0], [0, 0, 0], [0, 0, 0, 0, 0], [0, 0, 0], [0, 0, 0], [0, 1], [0, 1, 0]]
score: 1.1E-9
----------------------------------------------------------------
isp: [[2, 1, 0, 1, 1], [0, 3, 2], [5, 8, 0, 0, 1], [0, 1, 32], [0, 1, 16], [4, 11], [3, 12, 0]]
tc: [[0, 0, 0, 0, 0], [0, 0, 0], [0, 1, 0, 0, 0], [0, 0, 2], [0, 0, 1], [0, 1], [0, 1, 0]]
score: 1.0011E-6

