----------------------------------------------------------------
isp: [[2, 1, 0, 1, 2], [0, 4, 2], [6, 9, 0, 0, 2], [0, 2, 33], [0, 1, 17], [4, 12], [3, 13, 0]]
tc: [[0, 0, 0, 0, 0], [0, 0, 0], [0, 0, 0, 0, 0], [0, 0, 1], [0, 0, 1], [0, 1], [0, 1, 0]]
score: 1.10001E-10
----------------------------------------------------------------
isp: [[2, 1, 0, 1, 2], [0, 4, 2], [6, 9, 0, 0, 2], [0, 2, 33], [0, 1, 17], [4, 12], [3, 13, 0]]
tc: [[0, 0, 0, 0, 0], [0, 0, 0], [0, 0, 0, 0, 0], [0, 0, 2], [0, 0, 0], [0, 1], [0, 0, 1]]
score: 100.0
----------------------------------------------------------------
isp: [[2, 1, 0, 1, 2], [0, 4, 2], [6, 9, 0, 0, 2], [0, 2, 33], [0, 1, 17], [4, 12], [3, 13, 0]]
tc: [[0, 0, 0, 0, 0], [0, 0, 0], [0, 0, 0, 0, 0], [0, 0, 2], [0, 0, 0], [0, 1], [0, 1, 0]]
score: 1.1E-10
----------------------------------------------------------------
isp: [[2, 1, 0, 1, 2], [0, 4, 2], [6, 9, 0, 0, 2], [0, 2, 33], [0, 1, 17], [4, 12], [3, 13, 0]]
tc: [[0, 0, 0, 0, 0], [0, 0, 0], [0, 0, 0, 0, 0], [0, 0, 2], [0, 0, 2], [0, 1], [0, 0, 1]]
score: 100.0
----------------------------------------------------------------
isp: [[2, 1, 0, 1, 2], [0, 4, 2], [6, 9, 0, 0, 2], [0, 2, 33], [0, 1, 17], [4, 12], [3, 13, 0]]
tc: [[0, 0, 0, 0, 0], [0, 0, 0], [0, 0, 0, 0, 0], [0, 0, 2], [0, 0, 0], [0, 1], [0, 1, 0]]
score: 1.1E-10
----------------------------------------------------------------
isp: [[2, 1, 0, 1, 2], [0, 4, 2], [6, 9, 0, 0, 2], [0, 2, 33], [0, 1, 17], [4, 12], [3, 13, 0]]
tc: [[0, 0, 0, 0, 0], [0, 0, 0], [0, 0, 0, 0, 0], [0, 0, 0], [0, 0, 0], [0, 1], [0, 1, 0]]
score: 1.1E-10
----------------------------------------------------------------
isp: [[2, 1, 0, 1, 2], [0, 4, 2], [6, 9, 0, 0, 2], [0, 2, 33], [0, 1, 17], [4, 12], [3, 13, 0]]
tc: [[0, 0, 0, 0, 0], [0, 0, 0], [0, 0, 0, 0, 0], [0, 0, 1], [0, 0, 0], [0, 1], [0, 1, 0]]
score: 1.1E-10
----------------------------------------------------------------
isp: [[2, 1, 0, 1, 2], [0, 4, 2], [6, 9, 0, 0, 2], [0, 2, 33], [0, 1, 17], [4, 12], [3, 13, 0]]
tc: [[0, 0, 0, 0, 0], [0, 0, 0], [0, 0, 0, 0, 0], [0, 0, 4], [0, 0, 3], [0, 1], [0, 1, 0]]
score: 1.1000111E-10
----------------------------------------------------------------
isp: [[2, 1, 0, 1, 2], [0, 4, 2], [6, 9, 0, 0, 2], [0, 2, 33], [0, 1, 17], [4, 12], [3, 13, 0]]
tc: [[0, 0, 0, 0, 0], [0, 0, 0], [1, 0, 0, 0, 0], [0, 0, 1], [0, 0, 1], [0, 1], [0, 1, 0]]
score: 1.0000011E-4
----------------------------------------------------------------
isp: [[2, 1, 0, 1, 2], [0, 4, 2], [6, 9, 0, 0, 2], [0, 2, 33], [0, 1, 17], [4, 12], [3, 13, 0]]
tc: [[0, 0, 0, 0, 0], [0, 0, 0], [0, 0, 0, 0, 0], [0, 0, 0], [0, 0, 0], [0, 1], [0, 1, 0]]
score: 1.1E-10

