----------------------------------------------------------------
isp: [[2, 1, 0, 1, 2], [0, 4, 2], [6, 9, 0, 0, 2], [0, 2, 35], [0, 1, 17], [4, 13], [3, 13, 1]]
tc: [[0, 0, 0, 0, 0], [0, 0, 0], [1, 0, 0, 0, 0], [0, 0, 2], [0, 0, 0], [0, 1], [0, 1, 0]]
score: 1.0000001E-4
----------------------------------------------------------------
isp: [[2, 1, 0, 1, 2], [0, 4, 2], [6, 9, 0, 0, 2], [0, 2, 35], [0, 1, 17], [4, 13], [3, 13, 1]]
tc: [[0, 0, 0, 0, 0], [0, 0, 0], [0, 0, 0, 0, 0], [0, 0, 1], [0, 0, 0], [0, 1], [0, 1, 0]]
score: 2.0E-11
----------------------------------------------------------------
isp: [[2, 1, 0, 1, 2], [0, 4, 2], [6, 9, 0, 0, 2], [0, 2, 35], [0, 1, 17], [4, 13], [3, 13, 1]]
tc: [[0, 0, 0, 0, 0], [0, 0, 0], [0, 2, 0, 0, 0], [0, 0, 3], [0, 0, 2], [1, 0], [0, 1, 0]]
score: 0.01000011
----------------------------------------------------------------
isp: [[2, 1, 0, 1, 2], [0, 4, 2], [6, 9, 0, 0, 2], [0, 2, 35], [0, 1, 17], [4, 13], [3, 13, 1]]
tc: [[0, 0, 0, 0, 0], [0, 0, 0], [0, 0, 0, 0, 0], [0, 0, 0], [0, 0, 0], [0, 1], [0, 1, 0]]
score: 2.0E-11
----------------------------------------------------------------
isp: [[2, 1, 0, 1, 2], [0, 4, 2], [6, 9, 0, 0, 2], [0, 2, 35], [0, 1, 17], [4, 13], [3, 13, 1]]
tc: [[0, 0, 0, 0, 0], [0, 0, 0], [0, 0, 0, 0, 0], [0, 0, 1], [0, 0, 0], [0, 1], [0, 1, 0]]
score: 2.0E-11
----------------------------------------------------------------
isp: [[2, 1, 0, 1, 2], [0, 4, 2], [6, 9, 0, 0, 2], [0, 2, 35], [0, 1, 17], [4, 13], [3, 13, 1]]
tc: [[0, 0, 0, 0, 0], [0, 0, 0], [0, 0, 0, 0, 0], [0, 0, 1], [0, 0, 1], [0, 1], [0, 1, 0]]
score: 2.0001E-11
----------------------------------------------------------------
isp: [[2, 1, 0, 1, 2], [0, 4, 2], [6, 9, 0, 0, 2], [0, 2, 35], [0, 1, 17], [4, 13], [3, 13, 1]]
tc: [[0, 0, 0, 0, 0], [0, 0, 0], [0, 0, 0, 0, 0], [0, 0, 0], [0, 0, 0], [0, 1], [0, 1, 0]]
score: 2.0E-11
----------------------------------------------------------------
isp: [[2, 1, 0, 1, 2], [0, 4, 2], [6, 9, 0, 0, 2], [0, 2, 35], [0, 1, 17], [4, 13], [3, 13, 1]]
tc: [[0, 0, 0, 0, 0], [0, 0, 0], [0, 0, 0, 0, 0], [0, 0, 0], [0, 0, 0], [0, 1], [0, 1, 0]]
score: 2.0E-11
----------------------------------------------------------------
isp: [[2, 1, 0, 1, 2], [0, 4, 2], [6, 9, 0, 0, 2], [0, 2, 35], [0, 1, 17], [4, 13], [3, 13, 1]]
tc: [[0, 0, 0, 0, 0], [0, 0, 0], [0, 0, 0, 0, 0], [0, 0, 0], [0, 0, 0], [0, 1], [0, 1, 0]]
score: 2.0E-11
----------------------------------------------------------------
isp: [[2, 1, 0, 1, 2], [0, 4, 2], [6, 9, 0, 0, 2], [0, 2, 35], [0, 1, 17], [4, 13], [3, 13, 1]]
tc: [[0, 0, 0, 0, 0], [0, 0, 0], [0, 0, 0, 0, 0], [0, 0, 1], [0, 0, 1], [0, 1], [0, 1, 0]]
score: 2.0001E-11

