----------------------------------------------------------------
isp: [[2, 1, 0, 1, 2], [0, 4, 2], [6, 11, 0, 0, 2], [0, 2, 38], [0, 1, 19], [5, 13], [3, 14, 1]]
tc: [[0, 0, 0, 0, 0], [0, 0, 0], [1, 0, 0, 0, 0], [0, 0, 1], [0, 0, 0], [0, 1], [0, 1, 0]]
score: 1.00000005E-4
----------------------------------------------------------------
isp: [[2, 1, 0, 1, 2], [0, 4, 2], [6, 11, 0, 0, 2], [0, 2, 38], [0, 1, 19], [5, 13], [3, 14, 1]]
tc: [[0, 0, 0, 0, 0], [0, 0, 0], [0, 0, 0, 0, 0], [0, 0, 1], [0, 0, 0], [0, 1], [0, 1, 0]]
score: 1.09999995E-11
----------------------------------------------------------------
isp: [[2, 1, 0, 1, 2], [0, 4, 2], [6, 11, 0, 0, 2], [0, 2, 38], [0, 1, 19], [5, 13], [3, 14, 1]]
tc: [[0, 0, 0, 0, 0], [0, 0, 0], [0, 1, 0, 0, 0], [0, 0, 3], [0, 0, 2], [1, 0], [0, 1, 0]]
score: 0.0010000011
----------------------------------------------------------------
isp: [[2, 1, 0, 1, 2], [0, 4, 2], [6, 11, 0, 0, 2], [0, 2, 38], [0, 1, 19], [5, 13], [3, 14, 1]]
tc: [[0, 0, 0, 0, 0], [0, 0, 0], [0, 0, 0, 0, 0], [0, 0, 1], [0, 0, 1], [0, 1], [0, 1, 0]]
score: 1.100001E-11
----------------------------------------------------------------
isp: [[2, 1, 0, 1, 2], [0, 4, 2], [6, 11, 0, 0, 2], [0, 2, 38], [0, 1, 19], [5, 13], [3, 14, 1]]
tc: [[0, 0, 0, 0, 0], [0, 0, 0], [0, 0, 0, 0, 0], [0, 0, 0], [0, 0, 0], [0, 1], [0, 1, 0]]
score: 1.09999995E-11
----------------------------------------------------------------
isp: [[2, 1, 0, 1, 2], [0, 4, 2], [6, 11, 0, 0, 2], [0, 2, 38], [0, 1, 19], [5, 13], [3, 14, 1]]
tc: [[0, 0, 0, 0, 0], [0, 0, 0], [0, 0, 0, 0, 0], [0, 0, 0], [0, 0, 0], [0, 1], [0, 1, 0]]
score: 1.09999995E-11
----------------------------------------------------------------
isp: [[2, 1, 0, 1, 2], [0, 4, 2], [6, 11, 0, 0, 2], [0, 2, 38], [0, 1, 19], [5, 13], [3, 14, 1]]
tc: [[0, 0, 0, 0, 0], [0, 0, 0], [0, 0, 0, 0, 0], [0, 0, 1], [0, 0, 1], [0, 1], [0, 1, 0]]
score: 1.100001E-11
----------------------------------------------------------------
isp: [[2, 1, 0, 1, 2], [0, 4, 2], [6, 11, 0, 0, 2], [0, 2, 38], [0, 1, 19], [5, 13], [3, 14, 1]]
tc: [[0, 0, 0, 0, 0], [0, 0, 0], [0, 0, 0, 0, 0], [0, 0, 2], [0, 0, 1], [1, 0], [0, 1, 0]]
score: 0.001
----------------------------------------------------------------
isp: [[2, 1, 0, 1, 2], [0, 4, 2], [6, 11, 0, 0, 2], [0, 2, 38], [0, 1, 19], [5, 13], [3, 14, 1]]
tc: [[0, 0, 0, 0, 0], [0, 0, 0], [0, 0, 0, 0, 0], [0, 0, 0], [0, 0, 0], [0, 1], [0, 1, 0]]
score: 1.09999995E-11
----------------------------------------------------------------
isp: [[2, 1, 0, 1, 2], [0, 4, 2], [6, 11, 0, 0, 2], [0, 2, 38], [0, 1, 19], [5, 13], [3, 14, 1]]
tc: [[0, 1, 0, 0, 0], [0, 0, 1], [1, 1, 0, 0, 0], [0, 0, 3], [0, 1, 0], [0, 1], [0, 1, 0]]
score: 21.0001

