----------------------------------------------------------------
isp: [[2, 2, 0, 1, 2], [0, 4, 3], [7, 12, 0, 0, 2], [0, 2, 41], [0, 2, 19], [5, 14], [3, 15, 1]]
tc: [[0, 0, 0, 0, 0], [0, 0, 0], [0, 0, 0, 0, 0], [0, 0, 0], [0, 0, 0], [0, 1], [0, 1, 0]]
score: 1.1E-12
----------------------------------------------------------------
isp: [[2, 2, 0, 1, 2], [0, 4, 3], [7, 12, 0, 0, 2], [0, 2, 41], [0, 2, 19], [5, 14], [3, 15, 1]]
tc: [[0, 0, 0, 0, 0], [0, 0, 0], [0, 0, 0, 0, 0], [0, 0, 0], [0, 0, 0], [0, 1], [0, 1, 0]]
score: 1.1E-12
----------------------------------------------------------------
isp: [[2, 2, 0, 1, 2], [0, 4, 3], [7, 12, 0, 0, 2], [0, 2, 41], [0, 2, 19], [5, 14], [3, 15, 1]]
tc: [[0, 0, 0, 0, 0], [0, 0, 0], [0, 0, 0, 0, 0], [0, 0, 0], [0, 0, 0], [0, 1], [0, 1, 0]]
score: 1.1E-12
----------------------------------------------------------------
isp: [[2, 2, 0, 1, 2], [0, 4, 3], [7, 12, 0, 0, 2], [0, 2, 41], [0, 2, 19], [5, 14], [3, 15, 1]]
tc: [[0, 0, 0, 0, 0], [0, 0, 0], [1, 1, 0, 0, 0], [0, 0, 2], [0, 0, 1], [0, 1], [0, 1, 0]]
score: 1.0000101E-5
----------------------------------------------------------------
isp: [[2, 2, 0, 1, 2], [0, 4, 3], [7, 12, 0, 0, 2], [0, 2, 41], [0, 2, 19], [5, 14], [3, 15, 1]]
tc: [[0, 0, 0, 0, 0], [0, 0, 0], [0, 2, 0, 0, 0], [0, 0, 2], [0, 0, 1], [1, 0], [0, 1, 0]]
score: 0.0010000002
----------------------------------------------------------------
isp: [[2, 2, 0, 1, 2], [0, 4, 3], [7, 12, 0, 0, 2], [0, 2, 41], [0, 2, 19], [5, 14], [3, 15, 1]]
tc: [[0, 0, 0, 0, 1], [0, 1, 0], [0, 0, 0, 0, 0], [0, 0, 2], [0, 0, 1], [0, 1], [0, 1, 0]]
score: 1.01
----------------------------------------------------------------
isp: [[2, 2, 0, 1, 2], [0, 4, 3], [7, 12, 0, 0, 2], [0, 2, 41], [0, 2, 19], [5, 14], [3, 15, 1]]
tc: [[0, 0, 0, 0, 0], [0, 0, 0], [0, 0, 0, 0, 0], [0, 0, 1], [0, 0, 1], [0, 1], [0, 1, 0]]
score: 1.10001E-12
----------------------------------------------------------------
isp: [[2, 2, 0, 1, 2], [0, 4, 3], [7, 12, 0, 0, 2], [0, 2, 41], [0, 2, 19], [5, 14], [3, 15, 1]]
tc: [[0, 0, 0, 0, 0], [0, 0, 0], [0, 0, 0, 0, 0], [0, 0, 0], [0, 0, 0], [0, 1], [0, 1, 0]]
score: 1.1E-12
----------------------------------------------------------------
isp: [[2, 2, 0, 1, 2], [0, 4, 3], [7, 12, 0, 0, 2], [0, 2, 41], [0, 2, 19], [5, 14], [3, 15, 1]]
tc: [[0, 0, 0, 0, 0], [0, 0, 0], [0, 0, 0, 0, 0], [0, 0, 0], [0, 0, 0], [0, 1], [0, 1, 0]]
score: 1.1E-12
----------------------------------------------------------------
isp: [[2, 2, 0, 1, 2], [0, 4, 3], [7, 12, 0, 0, 2], [0, 2, 41], [0, 2, 19], [5, 14], [3, 15, 1]]
tc: [[1, 0, 0, 0, 0], [0, 1, 0], [0, 2, 0, 0, 0], [0, 0, 2], [0, 0, 1], [0, 1], [0, 1, 0]]
score: 1.01

