----------------------------------------------------------------
isp: [[1, 0, 0, 0, 1], [0, 2, 0], [1, 1, 0, 0, 1], [0, 1, 4], [0, 1, 2], [0, 2], [0, 2, 0]]
tc: [[0, 1, 0, 0, 0], [0, 0, 1], [0, 0, 0, 0, 0], [0, 0, 2], [0, 0, 0], [0, 1], [0, 1, 0]]
score: 202.011
----------------------------------------------------------------
isp: [[1, 0, 0, 0, 1], [0, 2, 0], [1, 1, 0, 0, 1], [0, 1, 4], [0, 1, 2], [0, 2], [0, 2, 0]]
tc: [[0, 0, 0, 0, 0], [0, 0, 0], [0, 0, 0, 0, 0], [0, 0, 1], [0, 0, 0], [0, 1], [0, 0, 1]]
score: 101.01
----------------------------------------------------------------
isp: [[1, 0, 0, 0, 1], [0, 2, 0], [1, 1, 0, 0, 1], [0, 1, 4], [0, 1, 2], [0, 2], [0, 2, 0]]
tc: [[0, 0, 0, 0, 0], [0, 0, 0], [0, 0, 0, 0, 0], [0, 0, 0], [0, 0, 0], [0, 1], [0, 1, 0]]
score: 2.0
----------------------------------------------------------------
isp: [[1, 0, 0, 0, 1], [0, 2, 0], [1, 1, 0, 0, 1], [0, 1, 4], [0, 1, 2], [0, 2], [0, 2, 0]]
tc: [[0, 0, 0, 0, 0], [0, 0, 0], [0, 0, 0, 0, 0], [0, 0, 0], [0, 0, 0], [0, 1], [0, 1, 0]]
score: 2.0
----------------------------------------------------------------
isp: [[1, 0, 0, 0, 1], [0, 2, 0], [1, 1, 0, 0, 1], [0, 1, 4], [0, 1, 2], [0, 2], [0, 2, 0]]
tc: [[0, 0, 0, 0, 0], [0, 0, 0], [0, 1, 0, 0, 0], [0, 0, 1], [0, 0, 1], [0, 1], [0, 1, 0]]
score: 13.01
----------------------------------------------------------------
isp: [[1, 0, 0, 0, 1], [0, 2, 0], [1, 1, 0, 0, 1], [0, 1, 4], [0, 1, 2], [0, 2], [0, 2, 0]]
tc: [[0, 0, 0, 0, 0], [0, 0, 0], [0, 0, 0, 0, 0], [0, 0, 1], [0, 0, 1], [0, 1], [0, 1, 0]]
score: 3.01
----------------------------------------------------------------
isp: [[1, 0, 0, 0, 1], [0, 2, 0], [1, 1, 0, 0, 1], [0, 1, 4], [0, 1, 2], [0, 2], [0, 2, 0]]
tc: [[0, 0, 0, 0, 0], [0, 0, 0], [0, 0, 0, 0, 0], [0, 0, 0], [0, 0, 0], [0, 1], [0, 1, 0]]
score: 2.0
----------------------------------------------------------------
isp: [[1, 0, 0, 0, 1], [0, 2, 0], [1, 1, 0, 0, 1], [0, 1, 4], [0, 1, 2], [0, 2], [0, 2, 0]]
tc: [[0, 0, 0, 0, 0], [0, 0, 0], [0, 0, 0, 0, 0], [0, 0, 1], [0, 0, 1], [0, 1], [0, 1, 0]]
score: 3.01
----------------------------------------------------------------
isp: [[1, 0, 0, 0, 1], [0, 2, 0], [1, 1, 0, 0, 1], [0, 1, 4], [0, 1, 2], [0, 2], [0, 2, 0]]
tc: [[0, 0, 0, 0, 0], [0, 0, 0], [0, 0, 0, 0, 0], [0, 0, 1], [0, 0, 1], [0, 1], [0, 1, 0]]
score: 3.01
----------------------------------------------------------------
isp: [[1, 0, 0, 0, 1], [0, 2, 0], [1, 1, 0, 0, 1], [0, 1, 4], [0, 1, 2], [0, 2], [0, 2, 0]]
tc: [[0, 0, 0, 0, 0], [0, 0, 0], [1, 2, 0, 0, 0], [0, 0, 1], [0, 0, 0], [0, 1], [0, 1, 0]]
score: 23.01

