----------------------------------------------------------------
isp: [[2, 2, 0, 1, 3], [0, 5, 3], [7, 12, 0, 0, 2], [0, 2, 43], [0, 2, 20], [5, 15], [3, 16, 1]]
tc: [[0, 0, 0, 0, 0], [0, 0, 0], [0, 0, 0, 0, 0], [0, 0, 2], [0, 0, 1], [0, 1], [0, 1, 0]]
score: 1.10001E-13
----------------------------------------------------------------
isp: [[2, 2, 0, 1, 3], [0, 5, 3], [7, 12, 0, 0, 2], [0, 2, 43], [0, 2, 20], [5, 15], [3, 16, 1]]
tc: [[0, 0, 0, 0, 0], [0, 0, 0], [0, 0, 0, 0, 0], [0, 0, 0], [0, 0, 0], [0, 1], [0, 1, 0]]
score: 1.09999995E-13
----------------------------------------------------------------
isp: [[2, 2, 0, 1, 3], [0, 5, 3], [7, 12, 0, 0, 2], [0, 2, 43], [0, 2, 20], [5, 15], [3, 16, 1]]
tc: [[0, 0, 0, 0, 0], [0, 0, 0], [0, 0, 0, 0, 0], [0, 0, 1], [0, 0, 0], [1, 0], [0, 1, 0]]
score: 0.001
----------------------------------------------------------------
isp: [[2, 2, 0, 1, 3], [0, 5, 3], [7, 12, 0, 0, 2], [0, 2, 43], [0, 2, 20], [5, 15], [3, 16, 1]]
tc: [[0, 0, 0, 0, 0], [0, 0, 0], [0, 0, 0, 0, 0], [0, 0, 1], [0, 0, 0], [0, 1], [0, 1, 0]]
score: 1.09999995E-13
----------------------------------------------------------------
isp: [[2, 2, 0, 1, 3], [0, 5, 3], [7, 12, 0, 0, 2], [0, 2, 43], [0, 2, 20], [5, 15], [3, 16, 1]]
tc: [[0, 0, 0, 0, 0], [0, 0, 0], [0, 1, 0, 0, 0], [0, 0, 1], [0, 0, 1], [0, 1], [0, 1, 0]]
score: 1.00110004E-10
----------------------------------------------------------------
isp: [[2, 2, 0, 1, 3], [0, 5, 3], [7, 12, 0, 0, 2], [0, 2, 43], [0, 2, 20], [5, 15], [3, 16, 1]]
tc: [[0, 0, 0, 0, 0], [0, 0, 0], [0, 0, 0, 0, 0], [0, 0, 0], [0, 0, 0], [0, 1], [0, 1, 0]]
score: 1.09999995E-13
----------------------------------------------------------------
isp: [[2, 2, 0, 1, 3], [0, 5, 3], [7, 12, 0, 0, 2], [0, 2, 43], [0, 2, 20], [5, 15], [3, 16, 1]]
tc: [[0, 0, 0, 0, 0], [0, 0, 0], [0, 0, 0, 0, 0], [0, 0, 1], [0, 0, 1], [0, 1], [0, 1, 0]]
score: 1.10001E-13
----------------------------------------------------------------
isp: [[2, 2, 0, 1, 3], [0, 5, 3], [7, 12, 0, 0, 2], [0, 2, 43], [0, 2, 20], [5, 15], [3, 16, 1]]
tc: [[0, 0, 0, 0, 0], [0, 0, 0], [0, 2, 0, 0, 0], [0, 0, 1], [0, 0, 1], [0, 1], [0, 1, 0]]
score: 1.10110004E-10
----------------------------------------------------------------
isp: [[2, 2, 0, 1, 3], [0, 5, 3], [7, 12, 0, 0, 2], [0, 2, 43], [0, 2, 20], [5, 15], [3, 16, 1]]
tc: [[0, 0, 0, 0, 0], [0, 0, 0], [0, 0, 0, 0, 0], [0, 0, 0], [0, 0, 0], [0, 1], [0, 1, 0]]
score: 1.09999995E-13
----------------------------------------------------------------
isp: [[2, 2, 0, 1, 3], [0, 5, 3], [7, 12, 0, 0, 2], [0, 2, 43], [0, 2, 20], [5, 15], [3, 16, 1]]
tc: [[0, 0, 0, 0, 0], [0, 0, 0], [0, 0, 0, 0, 0], [0, 0, 1], [0, 0, 0], [0, 1], [0, 1, 0]]
score: 1.09999995E-13

