----------------------------------------------------------------
isp: [[2, 2, 0, 1, 3], [0, 5, 3], [7, 12, 0, 0, 2], [0, 2, 44], [0, 2, 20], [6, 15], [3, 17, 1]]
tc: [[0, 0, 0, 0, 0], [0, 0, 0], [0, 0, 0, 0, 0], [0, 0, 0], [0, 0, 0], [0, 1], [0, 1, 0]]
score: 1.01E-13
----------------------------------------------------------------
isp: [[2, 2, 0, 1, 3], [0, 5, 3], [7, 12, 0, 0, 2], [0, 2, 44], [0, 2, 20], [6, 15], [3, 17, 1]]
tc: [[0, 0, 0, 0, 0], [0, 0, 0], [0, 0, 0, 0, 0], [0, 0, 1], [0, 0, 1], [0, 1], [0, 1, 0]]
score: 1.01001E-13
----------------------------------------------------------------
isp: [[2, 2, 0, 1, 3], [0, 5, 3], [7, 12, 0, 0, 2], [0, 2, 44], [0, 2, 20], [6, 15], [3, 17, 1]]
tc: [[0, 0, 0, 0, 0], [0, 0, 0], [0, 1, 0, 0, 0], [0, 0, 2], [0, 0, 1], [0, 1], [0, 1, 0]]
score: 1.00101004E-10
----------------------------------------------------------------
isp: [[2, 2, 0, 1, 3], [0, 5, 3], [7, 12, 0, 0, 2], [0, 2, 44], [0, 2, 20], [6, 15], [3, 17, 1]]
tc: [[0, 0, 0, 0, 0], [0, 0, 0], [1, 0, 0, 0, 0], [0, 0, 1], [0, 0, 1], [0, 1], [0, 1, 0]]
score: 1.0E-5
----------------------------------------------------------------
isp: [[2, 2, 0, 1, 3], [0, 5, 3], [7, 12, 0, 0, 2], [0, 2, 44], [0, 2, 20], [6, 15], [3, 17, 1]]
tc: [[0, 0, 0, 0, 0], [0, 0, 0], [0, 0, 0, 0, 0], [0, 0, 0], [0, 0, 0], [0, 1], [0, 1, 0]]
score: 1.01E-13
----------------------------------------------------------------
isp: [[2, 2, 0, 1, 3], [0, 5, 3], [7, 12, 0, 0, 2], [0, 2, 44], [0, 2, 20], [6, 15], [3, 17, 1]]
tc: [[0, 0, 0, 0, 0], [0, 0, 0], [0, 0, 0, 0, 0], [0, 0, 2], [0, 0, 1], [1, 0], [0, 1, 0]]
score: 1.0E-4
----------------------------------------------------------------
isp: [[2, 2, 0, 1, 3], [0, 5, 3], [7, 12, 0, 0, 2], [0, 2, 44], [0, 2, 20], [6, 15], [3, 17, 1]]
tc: [[0, 0, 0, 0, 0], [0, 0, 0], [0, 0, 0, 0, 0], [0, 0, 0], [0, 0, 0], [0, 1], [0, 1, 0]]
score: 1.01E-13
----------------------------------------------------------------
isp: [[2, 2, 0, 1, 3], [0, 5, 3], [7, 12, 0, 0, 2], [0, 2, 44], [0, 2, 20], [6, 15], [3, 17, 1]]
tc: [[0, 0, 0, 0, 0], [0, 0, 0], [1, 1, 0, 0, 0], [0, 0, 2], [0, 0, 0], [0, 1], [0, 1, 0]]
score: 1.00001E-5
----------------------------------------------------------------
isp: [[2, 2, 0, 1, 3], [0, 5, 3], [7, 12, 0, 0, 2], [0, 2, 44], [0, 2, 20], [6, 15], [3, 17, 1]]
tc: [[0, 0, 0, 0, 0], [0, 0, 0], [0, 0, 0, 0, 0], [0, 0, 2], [0, 0, 2], [1, 0], [0, 1, 0]]
score: 1.0E-4
----------------------------------------------------------------
isp: [[2, 2, 0, 1, 3], [0, 5, 3], [7, 12, 0, 0, 2], [0, 2, 44], [0, 2, 20], [6, 15], [3, 17, 1]]
tc: [[0, 0, 0, 0, 0], [0, 0, 0], [0, 0, 0, 0, 0], [0, 0, 1], [0, 0, 0], [0, 1], [0, 1, 0]]
score: 1.01E-13

