----------------------------------------------------------------
isp: [[2, 2, 0, 1, 3], [0, 5, 3], [7, 12, 0, 0, 2], [0, 2, 46], [0, 2, 21], [7, 15], [3, 18, 1]]
tc: [[0, 0, 0, 0, 0], [0, 0, 0], [0, 0, 0, 0, 0], [0, 0, 1], [0, 0, 1], [0, 1], [0, 1, 0]]
score: 1.001001E-13
----------------------------------------------------------------
isp: [[2, 2, 0, 1, 3], [0, 5, 3], [7, 12, 0, 0, 2], [0, 2, 46], [0, 2, 21], [7, 15], [3, 18, 1]]
tc: [[0, 0, 0, 0, 0], [0, 0, 0], [1, 1, 0, 0, 0], [0, 0, 1], [0, 0, 1], [0, 1], [0, 1, 0]]
score: 1.00001E-5
----------------------------------------------------------------
isp: [[2, 2, 0, 1, 3], [0, 5, 3], [7, 12, 0, 0, 2], [0, 2, 46], [0, 2, 21], [7, 15], [3, 18, 1]]
tc: [[0, 0, 0, 0, 0], [0, 0, 0], [0, 0, 0, 0, 0], [0, 0, 2], [0, 0, 2], [0, 1], [0, 1, 0]]
score: 1.00100104E-13
----------------------------------------------------------------
isp: [[2, 2, 0, 1, 3], [0, 5, 3], [7, 12, 0, 0, 2], [0, 2, 46], [0, 2, 21], [7, 15], [3, 18, 1]]
tc: [[0, 0, 0, 0, 0], [0, 0, 0], [0, 0, 0, 0, 0], [0, 0, 1], [0, 0, 0], [0, 1], [0, 0, 1]]
score: 10.0
----------------------------------------------------------------
isp: [[2, 2, 0, 1, 3], [0, 5, 3], [7, 12, 0, 0, 2], [0, 2, 46], [0, 2, 21], [7, 15], [3, 18, 1]]
tc: [[0, 0, 0, 0, 0], [0, 0, 0], [0, 0, 0, 0, 0], [0, 0, 1], [0, 0, 0], [0, 1], [0, 1, 0]]
score: 1.00099996E-13
----------------------------------------------------------------
isp: [[2, 2, 0, 1, 3], [0, 5, 3], [7, 12, 0, 0, 2], [0, 2, 46], [0, 2, 21], [7, 15], [3, 18, 1]]
tc: [[0, 0, 0, 0, 0], [0, 0, 0], [0, 0, 0, 0, 0], [0, 0, 2], [0, 0, 0], [0, 1], [0, 1, 0]]
score: 1.00099996E-13
----------------------------------------------------------------
isp: [[2, 2, 0, 1, 3], [0, 5, 3], [7, 12, 0, 0, 2], [0, 2, 46], [0, 2, 21], [7, 15], [3, 18, 1]]
tc: [[0, 0, 0, 0, 0], [0, 0, 0], [2, 2, 0, 0, 0], [0, 0, 2], [0, 0, 2], [0, 1], [0, 1, 0]]
score: 1.100011E-5
----------------------------------------------------------------
isp: [[2, 2, 0, 1, 3], [0, 5, 3], [7, 12, 0, 0, 2], [0, 2, 46], [0, 2, 21], [7, 15], [3, 18, 1]]
tc: [[0, 0, 0, 0, 0], [0, 0, 0], [0, 0, 0, 0, 0], [0, 0, 0], [0, 0, 0], [0, 1], [0, 1, 0]]
score: 1.00099996E-13
----------------------------------------------------------------
isp: [[2, 2, 0, 1, 3], [0, 5, 3], [7, 12, 0, 0, 2], [0, 2, 46], [0, 2, 21], [7, 15], [3, 18, 1]]
tc: [[0, 0, 0, 0, 0], [0, 0, 0], [0, 0, 0, 0, 0], [0, 0, 0], [0, 0, 0], [0, 1], [0, 1, 0]]
score: 1.00099996E-13
----------------------------------------------------------------
isp: [[2, 2, 0, 1, 3], [0, 5, 3], [7, 12, 0, 0, 2], [0, 2, 46], [0, 2, 21], [7, 15], [3, 18, 1]]
tc: [[0, 0, 0, 0, 0], [0, 0, 0], [0, 0, 0, 0, 0], [0, 0, 1], [0, 0, 0], [1, 0], [0, 1, 0]]
score: 1.0E-5

