----------------------------------------------------------------
isp: [[2, 2, 0, 1, 3], [0, 5, 3], [7, 12, 0, 0, 2], [0, 2, 47], [0, 2, 21], [7, 16], [3, 18, 2]]
tc: [[0, 0, 0, 0, 0], [0, 0, 0], [0, 0, 0, 0, 0], [0, 0, 0], [0, 0, 0], [0, 1], [0, 1, 0]]
score: 1.01E-14
----------------------------------------------------------------
isp: [[2, 2, 0, 1, 3], [0, 5, 3], [7, 12, 0, 0, 2], [0, 2, 47], [0, 2, 21], [7, 16], [3, 18, 2]]
tc: [[0, 1, 0, 0, 0], [0, 0, 1], [1, 0, 0, 0, 0], [0, 0, 2], [0, 0, 1], [0, 1], [0, 1, 0]]
score: 1.10001
----------------------------------------------------------------
isp: [[2, 2, 0, 1, 3], [0, 5, 3], [7, 12, 0, 0, 2], [0, 2, 47], [0, 2, 21], [7, 16], [3, 18, 2]]
tc: [[0, 0, 0, 0, 0], [0, 0, 0], [0, 0, 0, 0, 0], [0, 0, 0], [0, 0, 0], [0, 1], [0, 1, 0]]
score: 1.01E-14
----------------------------------------------------------------
isp: [[2, 2, 0, 1, 3], [0, 5, 3], [7, 12, 0, 0, 2], [0, 2, 47], [0, 2, 21], [7, 16], [3, 18, 2]]
tc: [[0, 0, 0, 0, 0], [0, 0, 0], [0, 0, 0, 0, 0], [0, 0, 0], [0, 0, 0], [0, 1], [0, 1, 0]]
score: 1.01E-14
----------------------------------------------------------------
isp: [[2, 2, 0, 1, 3], [0, 5, 3], [7, 12, 0, 0, 2], [0, 2, 47], [0, 2, 21], [7, 16], [3, 18, 2]]
tc: [[0, 0, 0, 0, 0], [0, 0, 0], [0, 0, 0, 0, 0], [0, 0, 1], [0, 0, 1], [0, 1], [0, 1, 0]]
score: 1.01001E-14
----------------------------------------------------------------
isp: [[2, 2, 0, 1, 3], [0, 5, 3], [7, 12, 0, 0, 2], [0, 2, 47], [0, 2, 21], [7, 16], [3, 18, 2]]
tc: [[0, 0, 0, 0, 0], [0, 0, 0], [0, 0, 0, 0, 0], [0, 0, 2], [0, 0, 1], [0, 1], [0, 1, 0]]
score: 1.01001E-14
----------------------------------------------------------------
isp: [[2, 2, 0, 1, 3], [0, 5, 3], [7, 12, 0, 0, 2], [0, 2, 47], [0, 2, 21], [7, 16], [3, 18, 2]]
tc: [[0, 0, 0, 0, 0], [0, 0, 0], [0, 0, 0, 0, 0], [0, 0, 1], [0, 0, 1], [0, 1], [0, 1, 0]]
score: 1.01001E-14
----------------------------------------------------------------
isp: [[2, 2, 0, 1, 3], [0, 5, 3], [7, 12, 0, 0, 2], [0, 2, 47], [0, 2, 21], [7, 16], [3, 18, 2]]
tc: [[0, 0, 0, 0, 0], [0, 0, 0], [0, 0, 0, 0, 0], [0, 0, 0], [0, 0, 0], [0, 1], [0, 1, 0]]
score: 1.01E-14
----------------------------------------------------------------
isp: [[2, 2, 0, 1, 3], [0, 5, 3], [7, 12, 0, 0, 2], [0, 2, 47], [0, 2, 21], [7, 16], [3, 18, 2]]
tc: [[0, 0, 0, 0, 0], [0, 0, 0], [0, 0, 0, 0, 0], [0, 0, 1], [0, 0, 1], [0, 1], [0, 1, 0]]
score: 1.01001E-14
----------------------------------------------------------------
isp: [[2, 2, 0, 1, 3], [0, 5, 3], [7, 12, 0, 0, 2], [0, 2, 47], [0, 2, 21], [7, 16], [3, 18, 2]]
tc: [[0, 0, 0, 0, 0], [0, 0, 0], [0, 0, 0, 0, 0], [0, 0, 2], [0, 0, 1], [1, 0], [0, 1, 0]]
score: 1.0E-5

