----------------------------------------------------------------
isp: [[2, 3, 0, 1, 3], [0, 5, 4], [8, 12, 0, 0, 2], [0, 2, 49], [0, 2, 22], [7, 17], [3, 19, 2]]
tc: [[0, 0, 0, 0, 0], [0, 0, 0], [0, 0, 0, 0, 0], [0, 0, 1], [0, 0, 1], [0, 1], [0, 1, 0]]
score: 1.0100099E-15
----------------------------------------------------------------
isp: [[2, 3, 0, 1, 3], [0, 5, 4], [8, 12, 0, 0, 2], [0, 2, 49], [0, 2, 22], [7, 17], [3, 19, 2]]
tc: [[0, 0, 0, 0, 0], [0, 0, 0], [0, 1, 0, 0, 0], [0, 0, 1], [0, 0, 1], [0, 1], [0, 1, 0]]
score: 1.0000101E-10
----------------------------------------------------------------
isp: [[2, 3, 0, 1, 3], [0, 5, 4], [8, 12, 0, 0, 2], [0, 2, 49], [0, 2, 22], [7, 17], [3, 19, 2]]
tc: [[0, 1, 0, 0, 0], [0, 0, 1], [0, 0, 0, 0, 0], [0, 0, 2], [0, 0, 0], [0, 1], [0, 1, 0]]
score: 0.11
----------------------------------------------------------------
isp: [[2, 3, 0, 1, 3], [0, 5, 4], [8, 12, 0, 0, 2], [0, 2, 49], [0, 2, 22], [7, 17], [3, 19, 2]]
tc: [[0, 0, 0, 0, 0], [0, 0, 0], [1, 1, 0, 0, 0], [0, 0, 1], [0, 0, 1], [0, 1], [0, 1, 0]]
score: 1.0001E-6
----------------------------------------------------------------
isp: [[2, 3, 0, 1, 3], [0, 5, 4], [8, 12, 0, 0, 2], [0, 2, 49], [0, 2, 22], [7, 17], [3, 19, 2]]
tc: [[0, 0, 0, 0, 0], [0, 0, 0], [0, 1, 0, 0, 0], [0, 0, 1], [0, 0, 0], [0, 1], [0, 1, 0]]
score: 1.0000101E-10
----------------------------------------------------------------
isp: [[2, 3, 0, 1, 3], [0, 5, 4], [8, 12, 0, 0, 2], [0, 2, 49], [0, 2, 22], [7, 17], [3, 19, 2]]
tc: [[0, 0, 0, 0, 0], [0, 0, 0], [0, 0, 0, 0, 0], [0, 0, 0], [0, 0, 0], [0, 1], [0, 1, 0]]
score: 1.01E-15
----------------------------------------------------------------
isp: [[2, 3, 0, 1, 3], [0, 5, 4], [8, 12, 0, 0, 2], [0, 2, 49], [0, 2, 22], [7, 17], [3, 19, 2]]
tc: [[0, 0, 0, 0, 1], [0, 1, 0], [0, 0, 0, 0, 0], [0, 0, 3], [0, 1, 0], [0, 1], [0, 1, 0]]
score: 1.101
----------------------------------------------------------------
isp: [[2, 3, 0, 1, 3], [0, 5, 4], [8, 12, 0, 0, 2], [0, 2, 49], [0, 2, 22], [7, 17], [3, 19, 2]]
tc: [[0, 0, 0, 0, 0], [0, 0, 0], [0, 1, 0, 0, 0], [0, 0, 2], [0, 0, 2], [0, 1], [0, 1, 0]]
score: 1.0000101E-10
----------------------------------------------------------------
isp: [[2, 3, 0, 1, 3], [0, 5, 4], [8, 12, 0, 0, 2], [0, 2, 49], [0, 2, 22], [7, 17], [3, 19, 2]]
tc: [[0, 0, 0, 0, 0], [0, 0, 0], [1, 1, 0, 0, 0], [0, 0, 1], [0, 0, 1], [0, 1], [0, 1, 0]]
score: 1.0001E-6
----------------------------------------------------------------
isp: [[2, 3, 0, 1, 3], [0, 5, 4], [8, 12, 0, 0, 2], [0, 2, 49], [0, 2, 22], [7, 17], [3, 19, 2]]
tc: [[0, 0, 0, 0, 0], [0, 0, 0], [0, 0, 0, 0, 0], [0, 0, 1], [0, 0, 0], [0, 1], [0, 1, 0]]
score: 1.01E-15

