----------------------------------------------------------------
isp: [[1, 1, 0, 0, 1], [0, 2, 1], [1, 1, 0, 0, 1], [0, 1, 6], [0, 1, 2], [0, 3], [0, 3, 0]]
tc: [[0, 0, 0, 0, 0], [0, 0, 0], [0, 1, 0, 0, 0], [0, 0, 2], [0, 0, 1], [0, 1], [0, 1, 0]]
score: 11.20011
----------------------------------------------------------------
isp: [[1, 1, 0, 0, 1], [0, 2, 1], [1, 1, 0, 0, 1], [0, 1, 6], [0, 1, 2], [0, 3], [0, 3, 0]]
tc: [[0, 0, 0, 0, 0], [0, 0, 0], [0, 0, 0, 0, 0], [0, 0, 0], [0, 0, 0], [0, 1], [0, 1, 0]]
score: 0.2
----------------------------------------------------------------
isp: [[1, 1, 0, 0, 1], [0, 2, 1], [1, 1, 0, 0, 1], [0, 1, 6], [0, 1, 2], [0, 3], [0, 3, 0]]
tc: [[0, 0, 0, 0, 0], [0, 0, 0], [3, 0, 0, 0, 0], [0, 0, 1], [0, 0, 1], [0, 1], [0, 1, 0]]
score: 12.300101
----------------------------------------------------------------
isp: [[1, 1, 0, 0, 1], [0, 2, 1], [1, 1, 0, 0, 1], [0, 1, 6], [0, 1, 2], [0, 3], [0, 3, 0]]
tc: [[0, 0, 0, 0, 0], [0, 0, 0], [0, 1, 0, 0, 0], [0, 0, 1], [0, 0, 0], [0, 1], [0, 1, 0]]
score: 10.200101
----------------------------------------------------------------
isp: [[1, 1, 0, 0, 1], [0, 2, 1], [1, 1, 0, 0, 1], [0, 1, 6], [0, 1, 2], [0, 3], [0, 3, 0]]
tc: [[0, 0, 0, 0, 0], [0, 0, 0], [0, 0, 0, 0, 0], [0, 0, 3], [0, 0, 1], [0, 1], [0, 1, 0]]
score: 1.200111
----------------------------------------------------------------
isp: [[1, 1, 0, 0, 1], [0, 2, 1], [1, 1, 0, 0, 1], [0, 1, 6], [0, 1, 2], [0, 3], [0, 3, 0]]
tc: [[0, 0, 0, 0, 0], [0, 0, 0], [0, 0, 0, 0, 0], [0, 0, 1], [0, 0, 1], [0, 1], [0, 1, 0]]
score: 1.2001001
----------------------------------------------------------------
isp: [[1, 1, 0, 0, 1], [0, 2, 1], [1, 1, 0, 0, 1], [0, 1, 6], [0, 1, 2], [0, 3], [0, 3, 0]]
tc: [[0, 0, 0, 0, 0], [0, 0, 0], [0, 0, 0, 0, 0], [0, 0, 2], [0, 0, 1], [0, 1], [0, 1, 0]]
score: 1.2001101
----------------------------------------------------------------
isp: [[1, 1, 0, 0, 1], [0, 2, 1], [1, 1, 0, 0, 1], [0, 1, 6], [0, 1, 2], [0, 3], [0, 3, 0]]
tc: [[0, 0, 0, 0, 0], [0, 0, 0], [0, 0, 0, 0, 0], [0, 0, 1], [0, 0, 0], [0, 1], [0, 1, 0]]
score: 0.2001
----------------------------------------------------------------
isp: [[1, 1, 0, 0, 1], [0, 2, 1], [1, 1, 0, 0, 1], [0, 1, 6], [0, 1, 2], [0, 3], [0, 3, 0]]
tc: [[0, 0, 0, 0, 0], [0, 0, 0], [0, 0, 0, 0, 0], [0, 0, 3], [0, 0, 2], [1, 0], [1, 0, 0]]
score: 201.10011
----------------------------------------------------------------
isp: [[1, 1, 0, 0, 1], [0, 2, 1], [1, 1, 0, 0, 1], [0, 1, 6], [0, 1, 2], [0, 3], [0, 3, 0]]
tc: [[0, 0, 0, 0, 0], [0, 0, 0], [0, 0, 0, 0, 0], [0, 0, 1], [0, 0, 1], [0, 1], [0, 1, 0]]
score: 1.2001001

