----------------------------------------------------------------
isp: [[1, 1, 0, 0, 1], [0, 2, 1], [1, 1, 0, 0, 1], [0, 1, 9], [0, 1, 4], [1, 3], [1, 3, 0]]
tc: [[0, 0, 0, 0, 0], [0, 0, 0], [0, 0, 0, 0, 0], [0, 0, 0], [0, 0, 0], [0, 1], [0, 1, 0]]
score: 0.2
----------------------------------------------------------------
isp: [[1, 1, 0, 0, 1], [0, 2, 1], [1, 1, 0, 0, 1], [0, 1, 9], [0, 1, 4], [1, 3], [1, 3, 0]]
tc: [[0, 0, 0, 0, 0], [0, 0, 0], [0, 2, 0, 0, 0], [0, 0, 2], [0, 0, 1], [0, 1], [0, 1, 0]]
score: 11.210001
----------------------------------------------------------------
isp: [[1, 1, 0, 0, 1], [0, 2, 1], [1, 1, 0, 0, 1], [0, 1, 9], [0, 1, 4], [1, 3], [1, 3, 0]]
tc: [[0, 0, 0, 0, 0], [0, 0, 0], [0, 0, 0, 0, 0], [0, 0, 0], [0, 0, 0], [0, 1], [0, 1, 0]]
score: 0.2
----------------------------------------------------------------
isp: [[1, 1, 0, 0, 1], [0, 2, 1], [1, 1, 0, 0, 1], [0, 1, 9], [0, 1, 4], [1, 3], [1, 3, 0]]
tc: [[0, 0, 0, 0, 0], [0, 0, 0], [0, 0, 0, 0, 0], [0, 0, 1], [0, 0, 1], [0, 1], [0, 1, 0]]
score: 0.2100001
----------------------------------------------------------------
isp: [[1, 1, 0, 0, 1], [0, 2, 1], [1, 1, 0, 0, 1], [0, 1, 9], [0, 1, 4], [1, 3], [1, 3, 0]]
tc: [[0, 0, 0, 1, 0], [0, 0, 1], [0, 0, 0, 0, 0], [0, 0, 2], [0, 0, 0], [0, 1], [0, 1, 0]]
score: 110.2
----------------------------------------------------------------
isp: [[1, 1, 0, 0, 1], [0, 2, 1], [1, 1, 0, 0, 1], [0, 1, 9], [0, 1, 4], [1, 3], [1, 3, 0]]
tc: [[0, 0, 0, 0, 0], [0, 0, 0], [0, 0, 0, 0, 0], [0, 0, 2], [0, 0, 0], [0, 1], [0, 1, 0]]
score: 0.2000001
----------------------------------------------------------------
isp: [[1, 1, 0, 0, 1], [0, 2, 1], [1, 1, 0, 0, 1], [0, 1, 9], [0, 1, 4], [1, 3], [1, 3, 0]]
tc: [[0, 0, 0, 0, 0], [0, 0, 0], [0, 0, 0, 0, 0], [0, 0, 1], [0, 0, 1], [1, 0], [0, 1, 0]]
score: 10.110001
----------------------------------------------------------------
isp: [[1, 1, 0, 0, 1], [0, 2, 1], [1, 1, 0, 0, 1], [0, 1, 9], [0, 1, 4], [1, 3], [1, 3, 0]]
tc: [[0, 0, 0, 0, 0], [0, 0, 0], [0, 2, 0, 0, 0], [0, 0, 4], [0, 0, 1], [0, 1], [1, 0, 0]]
score: 21.11
----------------------------------------------------------------
isp: [[1, 1, 0, 0, 1], [0, 2, 1], [1, 1, 0, 0, 1], [0, 1, 9], [0, 1, 4], [1, 3], [1, 3, 0]]
tc: [[0, 0, 0, 0, 0], [0, 0, 0], [0, 0, 0, 0, 0], [0, 0, 0], [0, 0, 0], [0, 1], [0, 1, 0]]
score: 0.2
----------------------------------------------------------------
isp: [[1, 1, 0, 0, 1], [0, 2, 1], [1, 1, 0, 0, 1], [0, 1, 9], [0, 1, 4], [1, 3], [1, 3, 0]]
tc: [[0, 0, 0, 0, 0], [0, 0, 0], [0, 1, 0, 0, 0], [0, 0, 1], [0, 0, 0], [0, 1], [0, 1, 0]]
score: 10.200001

