----------------------------------------------------------------
isp: [[1, 1, 0, 1, 1], [0, 2, 2], [1, 1, 0, 0, 1], [0, 1, 11], [0, 1, 4], [1, 4], [1, 4, 0]]
tc: [[0, 0, 0, 0, 0], [0, 0, 0], [0, 0, 0, 0, 0], [0, 0, 0], [0, 0, 0], [0, 1], [0, 1, 0]]
score: 0.02
----------------------------------------------------------------
isp: [[1, 1, 0, 1, 1], [0, 2, 2], [1, 1, 0, 0, 1], [0, 1, 11], [0, 1, 4], [1, 4], [1, 4, 0]]
tc: [[0, 0, 0, 0, 0], [0, 0, 0], [0, 0, 0, 0, 0], [0, 0, 3], [0, 0, 1], [0, 1], [0, 1, 0]]
score: 0.03
----------------------------------------------------------------
isp: [[1, 1, 0, 1, 1], [0, 2, 2], [1, 1, 0, 0, 1], [0, 1, 11], [0, 1, 4], [1, 4], [1, 4, 0]]
tc: [[0, 0, 0, 0, 0], [0, 0, 0], [0, 0, 0, 0, 0], [0, 0, 0], [0, 0, 0], [0, 1], [0, 1, 0]]
score: 0.02
----------------------------------------------------------------
isp: [[1, 1, 0, 1, 1], [0, 2, 2], [1, 1, 0, 0, 1], [0, 1, 11], [0, 1, 4], [1, 4], [1, 4, 0]]
tc: [[0, 0, 0, 0, 0], [0, 0, 0], [0, 0, 0, 0, 0], [0, 0, 2], [0, 0, 0], [1, 0], [0, 1, 0]]
score: 10.01
----------------------------------------------------------------
isp: [[1, 1, 0, 1, 1], [0, 2, 2], [1, 1, 0, 0, 1], [0, 1, 11], [0, 1, 4], [1, 4], [1, 4, 0]]
tc: [[0, 0, 0, 0, 0], [0, 0, 0], [0, 0, 0, 0, 0], [0, 0, 0], [0, 0, 0], [0, 1], [0, 1, 0]]
score: 0.02
----------------------------------------------------------------
isp: [[1, 1, 0, 1, 1], [0, 2, 2], [1, 1, 0, 0, 1], [0, 1, 11], [0, 1, 4], [1, 4], [1, 4, 0]]
tc: [[0, 0, 0, 0, 0], [0, 0, 0], [0, 0, 0, 0, 0], [0, 0, 1], [0, 0, 1], [1, 0], [0, 1, 0]]
score: 10.02
----------------------------------------------------------------
isp: [[1, 1, 0, 1, 1], [0, 2, 2], [1, 1, 0, 0, 1], [0, 1, 11], [0, 1, 4], [1, 4], [1, 4, 0]]
tc: [[0, 0, 0, 0, 0], [0, 0, 0], [0, 0, 0, 0, 0], [0, 0, 1], [0, 0, 0], [0, 1], [0, 1, 0]]
score: 0.02
----------------------------------------------------------------
isp: [[1, 1, 0, 1, 1], [0, 2, 2], [1, 1, 0, 0, 1], [0, 1, 11], [0, 1, 4], [1, 4], [1, 4, 0]]
tc: [[0, 0, 0, 0, 0], [0, 0, 0], [0, 0, 0, 0, 0], [0, 0, 3], [0, 0, 2], [0, 1], [0, 1, 0]]
score: 0.031000001
----------------------------------------------------------------
isp: [[1, 1, 0, 1, 1], [0, 2, 2], [1, 1, 0, 0, 1], [0, 1, 11], [0, 1, 4], [1, 4], [1, 4, 0]]
tc: [[0, 0, 0, 0, 0], [0, 0, 0], [0, 0, 0, 0, 0], [0, 0, 0], [0, 0, 0], [0, 1], [0, 1, 0]]
score: 0.02
----------------------------------------------------------------
isp: [[1, 1, 0, 1, 1], [0, 2, 2], [1, 1, 0, 0, 1], [0, 1, 11], [0, 1, 4], [1, 4], [1, 4, 0]]
tc: [[0, 0, 0, 0, 0], [0, 0, 0], [0, 0, 0, 0, 0], [0, 0, 0], [0, 0, 0], [0, 1], [0, 1, 0]]
score: 0.02

