----------------------------------------------------------------
isp: [[1, 1, 0, 1, 1], [0, 2, 2], [1, 1, 0, 0, 1], [0, 1, 12], [0, 1, 5], [2, 4], [1, 5, 0]]
tc: [[0, 0, 0, 0, 0], [0, 0, 0], [0, 0, 0, 0, 0], [0, 0, 1], [0, 0, 0], [0, 1], [0, 1, 0]]
score: 0.011
----------------------------------------------------------------
isp: [[1, 1, 0, 1, 1], [0, 2, 2], [1, 1, 0, 0, 1], [0, 1, 12], [0, 1, 5], [2, 4], [1, 5, 0]]
tc: [[0, 0, 0, 0, 0], [0, 0, 0], [0, 1, 0, 0, 0], [0, 0, 1], [0, 0, 0], [0, 1], [0, 1, 0]]
score: 10.011001
----------------------------------------------------------------
isp: [[1, 1, 0, 1, 1], [0, 2, 2], [1, 1, 0, 0, 1], [0, 1, 12], [0, 1, 5], [2, 4], [1, 5, 0]]
tc: [[0, 0, 0, 0, 0], [0, 0, 0], [2, 2, 0, 0, 0], [0, 0, 1], [0, 0, 1], [0, 1], [0, 1, 0]]
score: 22.012
----------------------------------------------------------------
isp: [[1, 1, 0, 1, 1], [0, 2, 2], [1, 1, 0, 0, 1], [0, 1, 12], [0, 1, 5], [2, 4], [1, 5, 0]]
tc: [[0, 0, 0, 0, 0], [0, 0, 0], [0, 0, 0, 0, 0], [0, 0, 0], [0, 0, 0], [0, 1], [0, 1, 0]]
score: 0.011
----------------------------------------------------------------
isp: [[1, 1, 0, 1, 1], [0, 2, 2], [1, 1, 0, 0, 1], [0, 1, 12], [0, 1, 5], [2, 4], [1, 5, 0]]
tc: [[0, 0, 0, 0, 0], [0, 0, 0], [0, 2, 0, 0, 0], [0, 0, 1], [0, 0, 0], [0, 1], [0, 1, 0]]
score: 11.011001
----------------------------------------------------------------
isp: [[1, 1, 0, 1, 1], [0, 2, 2], [1, 1, 0, 0, 1], [0, 1, 12], [0, 1, 5], [2, 4], [1, 5, 0]]
tc: [[0, 0, 0, 0, 0], [0, 0, 0], [0, 0, 0, 0, 0], [0, 0, 0], [0, 0, 0], [0, 1], [0, 1, 0]]
score: 0.011
----------------------------------------------------------------
isp: [[1, 1, 0, 1, 1], [0, 2, 2], [1, 1, 0, 0, 1], [0, 1, 12], [0, 1, 5], [2, 4], [1, 5, 0]]
tc: [[0, 0, 0, 0, 0], [0, 0, 0], [0, 0, 0, 0, 0], [0, 0, 0], [0, 0, 0], [0, 1], [0, 1, 0]]
score: 0.011
----------------------------------------------------------------
isp: [[1, 1, 0, 1, 1], [0, 2, 2], [1, 1, 0, 0, 1], [0, 1, 12], [0, 1, 5], [2, 4], [1, 5, 0]]
tc: [[0, 0, 0, 0, 0], [0, 0, 0], [1, 0, 0, 0, 0], [0, 0, 2], [0, 0, 2], [0, 1], [0, 1, 0]]
score: 10.0121
----------------------------------------------------------------
isp: [[1, 1, 0, 1, 1], [0, 2, 2], [1, 1, 0, 0, 1], [0, 1, 12], [0, 1, 5], [2, 4], [1, 5, 0]]
tc: [[0, 0, 0, 0, 0], [0, 0, 0], [1, 1, 0, 0, 0], [0, 0, 1], [0, 0, 1], [0, 1], [0, 1, 0]]
score: 20.012
----------------------------------------------------------------
isp: [[1, 1, 0, 1, 1], [0, 2, 2], [1, 1, 0, 0, 1], [0, 1, 12], [0, 1, 5], [2, 4], [1, 5, 0]]
tc: [[0, 0, 0, 0, 0], [0, 0, 0], [0, 0, 0, 0, 0], [0, 0, 2], [0, 0, 0], [0, 1], [1, 0, 0]]
score: 10.01

