----------------------------------------------------------------
isp: [[1, 1, 0, 1, 1], [0, 2, 2], [3, 3, 0, 0, 1], [0, 1, 13], [0, 1, 6], [2, 5], [1, 6, 0]]
tc: [[0, 0, 0, 0, 0], [0, 0, 0], [0, 0, 0, 0, 0], [0, 0, 1], [0, 0, 0], [0, 1], [0, 1, 0]]
score: 0.0011
----------------------------------------------------------------
isp: [[1, 1, 0, 1, 1], [0, 2, 2], [3, 3, 0, 0, 1], [0, 1, 13], [0, 1, 6], [2, 5], [1, 6, 0]]
tc: [[0, 0, 0, 0, 0], [0, 0, 0], [0, 0, 0, 0, 0], [0, 0, 2], [0, 0, 1], [1, 0], [0, 1, 0]]
score: 1.0002
----------------------------------------------------------------
isp: [[1, 1, 0, 1, 1], [0, 2, 2], [3, 3, 0, 0, 1], [0, 1, 13], [0, 1, 6], [2, 5], [1, 6, 0]]
tc: [[0, 0, 0, 0, 0], [0, 0, 0], [0, 0, 0, 0, 0], [0, 0, 1], [0, 0, 1], [0, 1], [0, 1, 0]]
score: 0.0011999999
----------------------------------------------------------------
isp: [[1, 1, 0, 1, 1], [0, 2, 2], [3, 3, 0, 0, 1], [0, 1, 13], [0, 1, 6], [2, 5], [1, 6, 0]]
tc: [[0, 0, 0, 0, 0], [0, 0, 0], [0, 0, 0, 0, 0], [0, 0, 3], [0, 0, 2], [0, 1], [0, 1, 0]]
score: 0.00121
----------------------------------------------------------------
isp: [[1, 1, 0, 1, 1], [0, 2, 2], [3, 3, 0, 0, 1], [0, 1, 13], [0, 1, 6], [2, 5], [1, 6, 0]]
tc: [[0, 0, 0, 0, 0], [0, 0, 0], [0, 0, 0, 0, 0], [0, 0, 2], [0, 0, 1], [0, 1], [0, 1, 0]]
score: 0.0012
----------------------------------------------------------------
isp: [[1, 1, 0, 1, 1], [0, 2, 2], [3, 3, 0, 0, 1], [0, 1, 13], [0, 1, 6], [2, 5], [1, 6, 0]]
tc: [[0, 0, 0, 0, 0], [0, 0, 0], [0, 0, 0, 0, 0], [0, 0, 0], [0, 0, 0], [0, 1], [0, 1, 0]]
score: 0.0011
----------------------------------------------------------------
isp: [[1, 1, 0, 1, 1], [0, 2, 2], [3, 3, 0, 0, 1], [0, 1, 13], [0, 1, 6], [2, 5], [1, 6, 0]]
tc: [[0, 0, 0, 0, 0], [0, 0, 0], [0, 0, 0, 0, 0], [0, 0, 1], [0, 0, 1], [0, 1], [0, 1, 0]]
score: 0.0011999999
----------------------------------------------------------------
isp: [[1, 1, 0, 1, 1], [0, 2, 2], [3, 3, 0, 0, 1], [0, 1, 13], [0, 1, 6], [2, 5], [1, 6, 0]]
tc: [[0, 0, 0, 0, 0], [0, 0, 0], [0, 0, 0, 0, 0], [0, 0, 1], [0, 0, 1], [0, 1], [0, 1, 0]]
score: 0.0011999999
----------------------------------------------------------------
isp: [[1, 1, 0, 1, 1], [0, 2, 2], [3, 3, 0, 0, 1], [0, 1, 13], [0, 1, 6], [2, 5], [1, 6, 0]]
tc: [[0, 0, 0, 0, 0], [0, 0, 0], [0, 0, 0, 0, 0], [0, 0, 0], [0, 0, 0], [0, 1], [0, 1, 0]]
score: 0.0011
----------------------------------------------------------------
isp: [[1, 1, 0, 1, 1], [0, 2, 2], [3, 3, 0, 0, 1], [0, 1, 13], [0, 1, 6], [2, 5], [1, 6, 0]]
tc: [[0, 0, 0, 0, 0], [0, 0, 0], [1, 1, 0, 0, 0], [0, 0, 1], [0, 0, 0], [0, 1], [0, 1, 0]]
score: 0.2011

