----------------------------------------------------------------
isp: [[1, 1, 0, 1, 1], [0, 2, 2], [3, 3, 0, 0, 1], [0, 1, 15], [0, 1, 7], [3, 5], [1, 7, 0]]
tc: [[0, 0, 0, 0, 0], [0, 0, 0], [0, 0, 0, 0, 0], [0, 0, 4], [0, 0, 1], [0, 1], [0, 1, 0]]
score: 0.00102
----------------------------------------------------------------
isp: [[1, 1, 0, 1, 1], [0, 2, 2], [3, 3, 0, 0, 1], [0, 1, 15], [0, 1, 7], [3, 5], [1, 7, 0]]
tc: [[0, 0, 0, 0, 0], [0, 0, 0], [0, 1, 0, 0, 0], [0, 0, 1], [0, 0, 1], [0, 1], [0, 1, 0]]
score: 0.10102
----------------------------------------------------------------
isp: [[1, 1, 0, 1, 1], [0, 2, 2], [3, 3, 0, 0, 1], [0, 1, 15], [0, 1, 7], [3, 5], [1, 7, 0]]
tc: [[0, 0, 0, 0, 0], [0, 0, 0], [0, 0, 0, 0, 0], [0, 0, 4], [0, 0, 3], [0, 1], [1, 0, 0]]
score: 10.001011
----------------------------------------------------------------
isp: [[1, 1, 0, 1, 1], [0, 2, 2], [3, 3, 0, 0, 1], [0, 1, 15], [0, 1, 7], [3, 5], [1, 7, 0]]
tc: [[0, 0, 0, 0, 0], [0, 0, 0], [0, 0, 0, 0, 0], [0, 0, 0], [0, 0, 0], [0, 1], [0, 1, 0]]
score: 0.00101
----------------------------------------------------------------
isp: [[1, 1, 0, 1, 1], [0, 2, 2], [3, 3, 0, 0, 1], [0, 1, 15], [0, 1, 7], [3, 5], [1, 7, 0]]
tc: [[0, 0, 0, 0, 0], [0, 0, 0], [0, 1, 0, 0, 0], [0, 0, 3], [0, 0, 2], [0, 1], [0, 1, 0]]
score: 0.101021
----------------------------------------------------------------
isp: [[1, 1, 0, 1, 1], [0, 2, 2], [3, 3, 0, 0, 1], [0, 1, 15], [0, 1, 7], [3, 5], [1, 7, 0]]
tc: [[0, 0, 0, 0, 0], [0, 0, 0], [0, 0, 0, 0, 0], [0, 0, 0], [0, 0, 0], [0, 1], [0, 1, 0]]
score: 0.00101
----------------------------------------------------------------
isp: [[1, 1, 0, 1, 1], [0, 2, 2], [3, 3, 0, 0, 1], [0, 1, 15], [0, 1, 7], [3, 5], [1, 7, 0]]
tc: [[0, 0, 0, 0, 0], [0, 0, 0], [0, 0, 0, 0, 0], [0, 0, 0], [0, 0, 0], [0, 1], [0, 1, 0]]
score: 0.00101
----------------------------------------------------------------
isp: [[1, 1, 0, 1, 1], [0, 2, 2], [3, 3, 0, 0, 1], [0, 1, 15], [0, 1, 7], [3, 5], [1, 7, 0]]
tc: [[0, 0, 0, 0, 0], [0, 0, 0], [0, 0, 0, 0, 0], [0, 0, 3], [0, 0, 2], [1, 0], [0, 1, 0]]
score: 0.100021
----------------------------------------------------------------
isp: [[1, 1, 0, 1, 1], [0, 2, 2], [3, 3, 0, 0, 1], [0, 1, 15], [0, 1, 7], [3, 5], [1, 7, 0]]
tc: [[0, 0, 0, 0, 0], [0, 0, 0], [0, 1, 0, 0, 0], [0, 0, 1], [0, 0, 1], [0, 1], [0, 1, 0]]
score: 0.10102
----------------------------------------------------------------
isp: [[1, 1, 0, 1, 1], [0, 2, 2], [3, 3, 0, 0, 1], [0, 1, 15], [0, 1, 7], [3, 5], [1, 7, 0]]
tc: [[0, 0, 0, 0, 0], [0, 0, 0], [0, 0, 0, 0, 0], [0, 0, 1], [0, 0, 0], [0, 1], [0, 1, 0]]
score: 0.00101

