----------------------------------------------------------------
isp: [[1, 1, 0, 1, 1], [0, 2, 2], [3, 3, 0, 0, 1], [0, 1, 19], [0, 1, 10], [3, 6], [2, 7, 0]]
tc: [[0, 0, 0, 0, 0], [0, 0, 0], [0, 1, 0, 0, 0], [0, 0, 2], [0, 0, 1], [0, 1], [0, 1, 0]]
score: 0.10011001
----------------------------------------------------------------
isp: [[1, 1, 0, 1, 1], [0, 2, 2], [3, 3, 0, 0, 1], [0, 1, 19], [0, 1, 10], [3, 6], [2, 7, 0]]
tc: [[0, 0, 0, 0, 0], [0, 0, 0], [0, 0, 0, 0, 0], [0, 0, 1], [0, 0, 1], [0, 1], [0, 1, 0]]
score: 1.1000999E-4
----------------------------------------------------------------
isp: [[1, 1, 0, 1, 1], [0, 2, 2], [3, 3, 0, 0, 1], [0, 1, 19], [0, 1, 10], [3, 6], [2, 7, 0]]
tc: [[0, 0, 0, 0, 0], [0, 0, 0], [0, 0, 0, 0, 0], [0, 0, 2], [0, 0, 1], [1, 0], [0, 1, 0]]
score: 0.10001001
----------------------------------------------------------------
isp: [[1, 1, 0, 1, 1], [0, 2, 2], [3, 3, 0, 0, 1], [0, 1, 19], [0, 1, 10], [3, 6], [2, 7, 0]]
tc: [[0, 0, 0, 0, 0], [0, 0, 0], [0, 0, 0, 0, 0], [0, 0, 0], [0, 0, 0], [0, 1], [0, 1, 0]]
score: 1.0999999E-4
----------------------------------------------------------------
isp: [[1, 1, 0, 1, 1], [0, 2, 2], [3, 3, 0, 0, 1], [0, 1, 19], [0, 1, 10], [3, 6], [2, 7, 0]]
tc: [[0, 0, 0, 0, 0], [0, 0, 0], [0, 0, 0, 0, 0], [0, 0, 0], [0, 0, 0], [0, 1], [0, 1, 0]]
score: 1.0999999E-4
----------------------------------------------------------------
isp: [[1, 1, 0, 1, 1], [0, 2, 2], [3, 3, 0, 0, 1], [0, 1, 19], [0, 1, 10], [3, 6], [2, 7, 0]]
tc: [[0, 0, 0, 0, 0], [0, 0, 0], [0, 0, 0, 0, 0], [0, 0, 1], [0, 0, 0], [0, 1], [0, 1, 0]]
score: 1.0999999E-4
----------------------------------------------------------------
isp: [[1, 1, 0, 1, 1], [0, 2, 2], [3, 3, 0, 0, 1], [0, 1, 19], [0, 1, 10], [3, 6], [2, 7, 0]]
tc: [[0, 0, 0, 0, 0], [0, 0, 0], [0, 0, 0, 0, 0], [0, 0, 0], [0, 0, 0], [0, 1], [0, 1, 0]]
score: 1.0999999E-4
----------------------------------------------------------------
isp: [[1, 1, 0, 1, 1], [0, 2, 2], [3, 3, 0, 0, 1], [0, 1, 19], [0, 1, 10], [3, 6], [2, 7, 0]]
tc: [[0, 0, 0, 0, 0], [0, 0, 0], [0, 2, 0, 0, 0], [0, 0, 1], [0, 0, 0], [0, 1], [0, 1, 0]]
score: 0.11011
----------------------------------------------------------------
isp: [[1, 1, 0, 1, 1], [0, 2, 2], [3, 3, 0, 0, 1], [0, 1, 19], [0, 1, 10], [3, 6], [2, 7, 0]]
tc: [[0, 0, 0, 0, 0], [0, 0, 0], [0, 0, 0, 0, 0], [0, 0, 1], [0, 0, 1], [0, 1], [0, 1, 0]]
score: 1.1000999E-4
----------------------------------------------------------------
isp: [[1, 1, 0, 1, 1], [0, 2, 2], [3, 3, 0, 0, 1], [0, 1, 19], [0, 1, 10], [3, 6], [2, 7, 0]]
tc: [[0, 0, 0, 0, 0], [0, 0, 0], [0, 0, 0, 0, 0], [0, 0, 0], [0, 0, 0], [0, 1], [0, 1, 0]]
score: 1.0999999E-4

