----------------------------------------------------------------
isp: [[0, 1, 0, 0, 0], [0, 0, 1], [0, 2, 1, 0, 0], [0, 1, 1], [0, 1, 0], [0, 1], [0, 1, 0]]
tc: [[0, 0, 0, 0, 0], [0, 0, 0], [0, 0, 0, 0, 0], [0, 0, 1], [0, 0, 0], [0, 1], [0, 1, 0]]
score: 30.0
----------------------------------------------------------------
isp: [[0, 1, 0, 0, 0], [0, 0, 1], [0, 2, 1, 0, 0], [0, 1, 1], [0, 1, 0], [0, 1], [0, 1, 0]]
tc: [[0, 0, 0, 0, 0], [0, 0, 0], [0, 0, 0, 0, 0], [0, 0, 2], [0, 0, 1], [0, 1], [0, 0, 1]]
score: 221.0
----------------------------------------------------------------
isp: [[0, 1, 0, 0, 0], [0, 0, 1], [0, 2, 1, 0, 0], [0, 1, 1], [0, 1, 0], [0, 1], [0, 1, 0]]
tc: [[0, 0, 0, 0, 0], [0, 0, 0], [0, 0, 0, 0, 0], [0, 0, 4], [0, 0, 1], [1, 0], [0, 1, 0]]
score: 221.11
----------------------------------------------------------------
isp: [[0, 1, 0, 0, 0], [0, 0, 1], [0, 2, 1, 0, 0], [0, 1, 1], [0, 1, 0], [0, 1], [0, 1, 0]]
tc: [[0, 0, 0, 0, 0], [0, 0, 0], [0, 0, 0, 0, 0], [0, 0, 1], [0, 0, 0], [1, 0], [0, 1, 0]]
score: 120.0
----------------------------------------------------------------
isp: [[0, 1, 0, 0, 0], [0, 0, 1], [0, 2, 1, 0, 0], [0, 1, 1], [0, 1, 0], [0, 1], [0, 1, 0]]
tc: [[0, 0, 0, 0, 0], [0, 0, 0], [0, 0, 0, 0, 0], [0, 0, 1], [0, 0, 0], [0, 1], [0, 1, 0]]
score: 30.0
----------------------------------------------------------------
isp: [[0, 1, 0, 0, 0], [0, 0, 1], [0, 2, 1, 0, 0], [0, 1, 1], [0, 1, 0], [0, 1], [0, 1, 0]]
tc: [[0, 0, 0, 0, 0], [0, 0, 0], [0, 0, 0, 0, 0], [0, 0, 1], [0, 0, 1], [0, 1], [0, 1, 0]]
score: 130.0
----------------------------------------------------------------
isp: [[0, 1, 0, 0, 0], [0, 0, 1], [0, 2, 1, 0, 0], [0, 1, 1], [0, 1, 0], [0, 1], [0, 1, 0]]
tc: [[0, 0, 0, 0, 0], [0, 0, 0], [0, 0, 0, 0, 0], [0, 0, 0], [0, 0, 0], [0, 1], [0, 1, 0]]
score: 20.0
----------------------------------------------------------------
isp: [[0, 1, 0, 0, 0], [0, 0, 1], [0, 2, 1, 0, 0], [0, 1, 1], [0, 1, 0], [0, 1], [0, 1, 0]]
tc: [[0, 0, 0, 0, 0], [0, 0, 0], [0, 0, 0, 0, 0], [0, 0, 1], [0, 0, 1], [0, 1], [0, 1, 0]]
score: 130.0
----------------------------------------------------------------
isp: [[0, 1, 0, 0, 0], [0, 0, 1], [0, 2, 1, 0, 0], [0, 1, 1], [0, 1, 0], [0, 1], [0, 1, 0]]
tc: [[0, 0, 0, 0, 0], [0, 0, 0], [0, 0, 0, 0, 0], [0, 0, 0], [0, 0, 0], [0, 1], [0, 1, 0]]
score: 20.0
----------------------------------------------------------------
isp: [[0, 1, 0, 0, 0], [0, 0, 1], [0, 2, 1, 0, 0], [0, 1, 1], [0, 1, 0], [0, 1], [0, 1, 0]]
tc: [[0, 0, 0, 0, 0], [0, 0, 0], [0, 1, 0, 0, 0], [0, 0, 1], [0, 0, 0], [0, 1], [0, 1, 0]]
score: 31.0

