----------------------------------------------------------------
isp: [[1, 0, 1, 0, 0], [0, 1, 1], [1, 1, 1, 0, 0], [0, 1, 3], [0, 0, 1], [0, 2], [0, 2, 0]]
tc: [[0, 0, 0, 0, 0], [0, 0, 0], [2, 2, 0, 0, 0], [0, 0, 1], [0, 0, 1], [0, 1], [0, 1, 0]]
score: 34.1
----------------------------------------------------------------
isp: [[1, 0, 1, 0, 0], [0, 1, 1], [1, 1, 1, 0, 0], [0, 1, 3], [0, 0, 1], [0, 2], [0, 2, 0]]
tc: [[0, 0, 0, 0, 0], [0, 0, 0], [0, 2, 0, 0, 0], [0, 0, 1], [0, 0, 0], [0, 1], [0, 1, 0]]
score: 13.1
----------------------------------------------------------------
isp: [[1, 0, 1, 0, 0], [0, 1, 1], [1, 1, 1, 0, 0], [0, 1, 3], [0, 0, 1], [0, 2], [0, 2, 0]]
tc: [[0, 0, 0, 0, 0], [0, 0, 0], [0, 0, 0, 0, 0], [0, 0, 2], [0, 0, 2], [0, 1], [0, 1, 0]]
score: 13.11
----------------------------------------------------------------
isp: [[1, 0, 1, 0, 0], [0, 1, 1], [1, 1, 1, 0, 0], [0, 1, 3], [0, 0, 1], [0, 2], [0, 2, 0]]
tc: [[0, 0, 0, 0, 0], [0, 0, 0], [0, 0, 0, 0, 0], [0, 0, 1], [0, 0, 0], [0, 1], [0, 1, 0]]
score: 2.1
----------------------------------------------------------------
isp: [[1, 0, 1, 0, 0], [0, 1, 1], [1, 1, 1, 0, 0], [0, 1, 3], [0, 0, 1], [0, 2], [0, 2, 0]]
tc: [[0, 0, 0, 0, 0], [0, 0, 0], [0, 1, 0, 0, 0], [0, 0, 1], [0, 0, 0], [0, 1], [0, 1, 0]]
score: 12.1
----------------------------------------------------------------
isp: [[1, 0, 1, 0, 0], [0, 1, 1], [1, 1, 1, 0, 0], [0, 1, 3], [0, 0, 1], [0, 2], [0, 2, 0]]
tc: [[0, 0, 0, 0, 0], [0, 0, 0], [1, 0, 0, 0, 0], [0, 0, 2], [0, 0, 1], [1, 0], [0, 1, 0]]
score: 121.11
----------------------------------------------------------------
isp: [[1, 0, 1, 0, 0], [0, 1, 1], [1, 1, 1, 0, 0], [0, 1, 3], [0, 0, 1], [0, 2], [0, 2, 0]]
tc: [[0, 0, 0, 0, 0], [0, 0, 0], [0, 0, 0, 0, 0], [0, 0, 1], [0, 0, 0], [1, 0], [0, 1, 0]]
score: 101.1
----------------------------------------------------------------
isp: [[1, 0, 1, 0, 0], [0, 1, 1], [1, 1, 1, 0, 0], [0, 1, 3], [0, 0, 1], [0, 2], [0, 2, 0]]
tc: [[0, 0, 0, 0, 0], [0, 0, 0], [0, 0, 0, 0, 0], [0, 0, 1], [0, 0, 0], [1, 0], [0, 1, 0]]
score: 101.1
----------------------------------------------------------------
isp: [[1, 0, 1, 0, 0], [0, 1, 1], [1, 1, 1, 0, 0], [0, 1, 3], [0, 0, 1], [0, 2], [0, 2, 0]]
tc: [[0, 0, 0, 0, 0], [0, 0, 0], [0, 0, 0, 0, 0], [0, 0, 1], [0, 0, 1], [0, 1], [0, 1, 0]]
score: 12.1
----------------------------------------------------------------
isp: [[1, 0, 1, 0, 0], [0, 1, 1], [1, 1, 1, 0, 0], [0, 1, 3], [0, 0, 1], [0, 2], [0, 2, 0]]
tc: [[0, 0, 0, 0, 0], [0, 0, 0], [0, 0, 0, 0, 0], [0, 0, 0], [0, 0, 0], [0, 1], [0, 1, 0]]
score: 2.0

