----------------------------------------------------------------
isp: [[1, 1, 0, 0, 0], [0, 1, 1], [1, 2, 1, 0, 0], [0, 1, 5], [0, 0, 3], [0, 3], [0, 3, 0]]
tc: [[0, 0, 0, 0, 0], [0, 0, 0], [0, 0, 0, 0, 0], [0, 0, 1], [0, 0, 0], [0, 1], [0, 1, 0]]
score: 0.201
----------------------------------------------------------------
isp: [[1, 1, 0, 0, 0], [0, 1, 1], [1, 2, 1, 0, 0], [0, 1, 5], [0, 0, 3], [0, 3], [0, 3, 0]]
tc: [[0, 0, 0, 0, 0], [0, 0, 0], [0, 0, 0, 0, 0], [0, 0, 0], [0, 0, 0], [0, 1], [0, 1, 0]]
score: 0.2
----------------------------------------------------------------
isp: [[1, 1, 0, 0, 0], [0, 1, 1], [1, 2, 1, 0, 0], [0, 1, 5], [0, 0, 3], [0, 3], [0, 3, 0]]
tc: [[0, 0, 0, 0, 0], [0, 0, 0], [0, 0, 0, 0, 0], [0, 0, 2], [0, 0, 1], [0, 1], [0, 1, 0]]
score: 0.3011
----------------------------------------------------------------
isp: [[1, 1, 0, 0, 0], [0, 1, 1], [1, 2, 1, 0, 0], [0, 1, 5], [0, 0, 3], [0, 3], [0, 3, 0]]
tc: [[0, 0, 0, 0, 0], [0, 0, 0], [0, 2, 0, 0, 0], [0, 0, 1], [0, 0, 1], [0, 1], [0, 1, 0]]
score: 1.4010001
----------------------------------------------------------------
isp: [[1, 1, 0, 0, 0], [0, 1, 1], [1, 2, 1, 0, 0], [0, 1, 5], [0, 0, 3], [0, 3], [0, 3, 0]]
tc: [[0, 0, 0, 0, 0], [0, 0, 0], [0, 0, 0, 0, 0], [0, 0, 1], [0, 0, 1], [1, 0], [0, 1, 0]]
score: 100.201
----------------------------------------------------------------
isp: [[1, 1, 0, 0, 0], [0, 1, 1], [1, 2, 1, 0, 0], [0, 1, 5], [0, 0, 3], [0, 3], [0, 3, 0]]
tc: [[0, 0, 0, 0, 0], [0, 0, 0], [1, 0, 0, 0, 0], [0, 0, 4], [0, 0, 2], [0, 1], [0, 1, 0]]
score: 10.311111
----------------------------------------------------------------
isp: [[1, 1, 0, 0, 0], [0, 1, 1], [1, 2, 1, 0, 0], [0, 1, 5], [0, 0, 3], [0, 3], [0, 3, 0]]
tc: [[0, 0, 0, 0, 0], [0, 0, 0], [2, 2, 0, 0, 0], [0, 0, 1], [0, 0, 1], [0, 1], [0, 1, 0]]
score: 12.401002
----------------------------------------------------------------
isp: [[1, 1, 0, 0, 0], [0, 1, 1], [1, 2, 1, 0, 0], [0, 1, 5], [0, 0, 3], [0, 3], [0, 3, 0]]
tc: [[0, 0, 0, 0, 0], [0, 0, 0], [0, 0, 0, 0, 0], [0, 0, 1], [0, 0, 0], [0, 1], [0, 1, 0]]
score: 0.201
----------------------------------------------------------------
isp: [[1, 1, 0, 0, 0], [0, 1, 1], [1, 2, 1, 0, 0], [0, 1, 5], [0, 0, 3], [0, 3], [0, 3, 0]]
tc: [[0, 0, 0, 0, 0], [0, 0, 0], [0, 1, 0, 0, 0], [0, 0, 1], [0, 0, 1], [0, 1], [0, 1, 0]]
score: 1.3010001
----------------------------------------------------------------
isp: [[1, 1, 0, 0, 0], [0, 1, 1], [1, 2, 1, 0, 0], [0, 1, 5], [0, 0, 3], [0, 3], [0, 3, 0]]
tc: [[0, 0, 0, 0, 0], [0, 0, 0], [0, 0, 0, 0, 0], [0, 0, 1], [0, 0, 0], [0, 1], [0, 1, 0]]
score: 0.201

