----------------------------------------------------------------
isp: [[0, 0, 0, 0, 0], [0, 0, 0], [2, 4, 0, 0, 0], [0, 0, 4], [0, 0, 3], [0, 2], [0, 1, 1]]
tc: [[0, 0, 0, 0, 0], [0, 0, 0], [0, 0, 0, 0, 0], [0, 0, 1], [0, 0, 0], [1, 0], [0, 1, 0]]
score: 110.01
----------------------------------------------------------------
isp: [[0, 0, 0, 0, 0], [0, 0, 0], [2, 4, 0, 0, 0], [0, 0, 4], [0, 0, 3], [0, 2], [0, 1, 1]]
tc: [[0, 0, 0, 0, 0], [0, 0, 0], [0, 0, 0, 0, 0], [0, 0, 2], [0, 0, 1], [0, 1], [0, 1, 0]]
score: 11.111
----------------------------------------------------------------
isp: [[0, 0, 0, 0, 0], [0, 0, 0], [2, 4, 0, 0, 0], [0, 0, 4], [0, 0, 3], [0, 2], [0, 1, 1]]
tc: [[0, 0, 0, 0, 0], [0, 0, 0], [0, 0, 0, 0, 0], [0, 0, 2], [0, 0, 0], [0, 1], [0, 1, 0]]
score: 11.011
----------------------------------------------------------------
isp: [[0, 0, 0, 0, 0], [0, 0, 0], [2, 4, 0, 0, 0], [0, 0, 4], [0, 0, 3], [0, 2], [0, 1, 1]]
tc: [[0, 0, 0, 0, 0], [0, 0, 0], [0, 4, 0, 0, 0], [0, 0, 3], [0, 0, 0], [0, 1], [1, 0, 0]]
score: 101.02221
----------------------------------------------------------------
isp: [[0, 0, 0, 0, 0], [0, 0, 0], [2, 4, 0, 0, 0], [0, 0, 4], [0, 0, 3], [0, 2], [0, 1, 1]]
tc: [[0, 0, 0, 0, 0], [0, 0, 0], [1, 1, 0, 0, 0], [0, 0, 3], [0, 0, 2], [0, 1], [0, 0, 1]]
score: 12.1311
----------------------------------------------------------------
isp: [[0, 0, 0, 0, 0], [0, 0, 0], [2, 4, 0, 0, 0], [0, 0, 4], [0, 0, 3], [0, 2], [0, 1, 1]]
tc: [[0, 0, 0, 0, 0], [0, 0, 0], [0, 0, 0, 0, 0], [0, 0, 0], [0, 0, 0], [0, 1], [0, 1, 0]]
score: 11.0
----------------------------------------------------------------
isp: [[0, 0, 0, 0, 0], [0, 0, 0], [2, 4, 0, 0, 0], [0, 0, 4], [0, 0, 3], [0, 2], [0, 1, 1]]
tc: [[0, 0, 0, 0, 0], [0, 0, 0], [0, 1, 0, 0, 0], [0, 0, 1], [0, 0, 0], [0, 1], [0, 1, 0]]
score: 11.02
----------------------------------------------------------------
isp: [[0, 0, 0, 0, 0], [0, 0, 0], [2, 4, 0, 0, 0], [0, 0, 4], [0, 0, 3], [0, 2], [0, 1, 1]]
tc: [[0, 0, 0, 0, 0], [0, 0, 0], [0, 0, 0, 0, 0], [0, 0, 2], [0, 0, 1], [0, 1], [0, 1, 0]]
score: 11.111
----------------------------------------------------------------
isp: [[0, 0, 0, 0, 0], [0, 0, 0], [2, 4, 0, 0, 0], [0, 0, 4], [0, 0, 3], [0, 2], [0, 1, 1]]
tc: [[0, 0, 0, 0, 0], [0, 0, 0], [0, 3, 0, 0, 0], [0, 0, 1], [0, 0, 1], [0, 1], [0, 1, 0]]
score: 11.121099
----------------------------------------------------------------
isp: [[0, 0, 0, 0, 0], [0, 0, 0], [2, 4, 0, 0, 0], [0, 0, 4], [0, 0, 3], [0, 2], [0, 1, 1]]
tc: [[0, 0, 0, 0, 0], [0, 0, 0], [0, 0, 0, 0, 0], [0, 0, 3], [0, 0, 2], [0, 1], [0, 1, 0]]
score: 11.121099

