----------------------------------------------------------------
isp: [[0, 0, 0, 3, 0], [0, 0, 3], [3, 3, 0, 0, 0], [0, 0, 4], [0, 0, 3], [0, 1], [0, 1, 0]]
tc: [[0, 0, 1, 0, 0], [0, 0, 1], [0, 0, 1, 0, 0], [0, 1, 1], [0, 0, 1], [0, 1], [0, 1, 0]]
score: 320.21002
----------------------------------------------------------------
isp: [[0, 0, 0, 3, 0], [0, 0, 3], [3, 3, 0, 0, 0], [0, 0, 4], [0, 0, 3], [0, 1], [0, 1, 0]]
tc: [[0, 0, 0, 0, 0], [0, 0, 0], [0, 0, 0, 0, 0], [0, 0, 4], [0, 0, 2], [1, 0], [0, 0, 1]]
score: 200.12111
----------------------------------------------------------------
isp: [[0, 0, 0, 3, 0], [0, 0, 3], [3, 3, 0, 0, 0], [0, 0, 4], [0, 0, 3], [0, 1], [0, 1, 0]]
tc: [[0, 0, 0, 0, 0], [0, 0, 0], [0, 0, 0, 0, 0], [0, 0, 1], [0, 0, 1], [0, 1], [0, 1, 0]]
score: 20.11
----------------------------------------------------------------
isp: [[0, 0, 0, 3, 0], [0, 0, 3], [3, 3, 0, 0, 0], [0, 0, 4], [0, 0, 3], [0, 1], [0, 1, 0]]
tc: [[0, 0, 0, 0, 0], [0, 0, 0], [0, 0, 0, 0, 0], [0, 0, 0], [0, 0, 0], [0, 1], [0, 1, 0]]
score: 20.0
----------------------------------------------------------------
isp: [[0, 0, 0, 3, 0], [0, 0, 3], [3, 3, 0, 0, 0], [0, 0, 4], [0, 0, 3], [0, 1], [0, 1, 0]]
tc: [[0, 0, 0, 0, 0], [0, 0, 0], [0, 0, 0, 0, 0], [0, 0, 0], [0, 0, 0], [0, 1], [0, 1, 0]]
score: 20.0
----------------------------------------------------------------
isp: [[0, 0, 0, 3, 0], [0, 0, 3], [3, 3, 0, 0, 0], [0, 0, 4], [0, 0, 3], [0, 1], [0, 1, 0]]
tc: [[0, 0, 0, 0, 0], [0, 0, 0], [1, 1, 0, 0, 0], [0, 0, 1], [0, 0, 1], [0, 1], [0, 1, 0]]
score: 20.310001
----------------------------------------------------------------
isp: [[0, 0, 0, 3, 0], [0, 0, 3], [3, 3, 0, 0, 0], [0, 0, 4], [0, 0, 3], [0, 1], [0, 1, 0]]
tc: [[0, 0, 0, 0, 0], [0, 0, 0], [2, 1, 0, 0, 0], [0, 0, 1], [0, 0, 1], [0, 1], [0, 1, 0]]
score: 20.32
----------------------------------------------------------------
isp: [[0, 0, 0, 3, 0], [0, 0, 3], [3, 3, 0, 0, 0], [0, 0, 4], [0, 0, 3], [0, 1], [0, 1, 0]]
tc: [[0, 0, 0, 0, 0], [0, 0, 0], [0, 0, 0, 0, 0], [0, 0, 3], [0, 0, 3], [1, 0], [0, 1, 0]]
score: 110.1221
----------------------------------------------------------------
isp: [[0, 0, 0, 3, 0], [0, 0, 3], [3, 3, 0, 0, 0], [0, 0, 4], [0, 0, 3], [0, 1], [0, 1, 0]]
tc: [[0, 0, 0, 0, 0], [0, 0, 0], [0, 0, 0, 0, 0], [0, 0, 3], [0, 0, 2], [1, 0], [0, 1, 0]]
score: 110.1211
----------------------------------------------------------------
isp: [[0, 0, 0, 3, 0], [0, 0, 3], [3, 3, 0, 0, 0], [0, 0, 4], [0, 0, 3], [0, 1], [0, 1, 0]]
tc: [[0, 0, 0, 0, 0], [0, 0, 0], [0, 1, 0, 0, 0], [0, 0, 1], [0, 0, 0], [0, 1], [0, 1, 0]]
score: 20.11

