----------------------------------------------------------------
isp: [[0, 0, 1, 3, 0], [0, 0, 4], [3, 3, 1, 0, 0], [0, 1, 5], [0, 0, 4], [0, 2], [0, 2, 0]]
tc: [[0, 0, 0, 0, 0], [0, 0, 0], [0, 1, 0, 0, 0], [0, 0, 2], [0, 0, 2], [0, 1], [0, 1, 0]]
score: 2.1121001
----------------------------------------------------------------
isp: [[0, 0, 1, 3, 0], [0, 0, 4], [3, 3, 1, 0, 0], [0, 1, 5], [0, 0, 4], [0, 2], [0, 2, 0]]
tc: [[0, 0, 0, 0, 0], [0, 0, 0], [0, 0, 0, 0, 0], [0, 0, 4], [0, 0, 3], [0, 1], [0, 1, 0]]
score: 2.0122108
----------------------------------------------------------------
isp: [[0, 0, 1, 3, 0], [0, 0, 4], [3, 3, 1, 0, 0], [0, 1, 5], [0, 0, 4], [0, 2], [0, 2, 0]]
tc: [[0, 0, 0, 0, 0], [0, 0, 0], [0, 0, 0, 0, 0], [0, 0, 0], [0, 0, 0], [0, 1], [0, 1, 0]]
score: 2.0
----------------------------------------------------------------
isp: [[0, 0, 1, 3, 0], [0, 0, 4], [3, 3, 1, 0, 0], [0, 1, 5], [0, 0, 4], [0, 2], [0, 2, 0]]
tc: [[0, 0, 0, 0, 0], [0, 0, 0], [0, 1, 0, 0, 0], [0, 0, 3], [0, 0, 1], [0, 1], [0, 1, 0]]
score: 2.11111
----------------------------------------------------------------
isp: [[0, 0, 1, 3, 0], [0, 0, 4], [3, 3, 1, 0, 0], [0, 1, 5], [0, 0, 4], [0, 2], [0, 2, 0]]
tc: [[0, 0, 0, 0, 0], [0, 0, 0], [0, 0, 0, 0, 0], [0, 0, 4], [0, 0, 1], [0, 1], [1, 0, 0]]
score: 101.01111
----------------------------------------------------------------
isp: [[0, 0, 1, 3, 0], [0, 0, 4], [3, 3, 1, 0, 0], [0, 1, 5], [0, 0, 4], [0, 2], [0, 2, 0]]
tc: [[0, 0, 0, 0, 0], [0, 0, 0], [1, 0, 0, 0, 0], [0, 0, 3], [0, 0, 1], [0, 1], [0, 0, 1]]
score: 101.11111
----------------------------------------------------------------
isp: [[0, 0, 1, 3, 0], [0, 0, 4], [3, 3, 1, 0, 0], [0, 1, 5], [0, 0, 4], [0, 2], [0, 2, 0]]
tc: [[0, 0, 0, 0, 0], [0, 0, 0], [0, 0, 0, 0, 0], [0, 0, 1], [0, 0, 0], [0, 1], [0, 1, 0]]
score: 2.001
----------------------------------------------------------------
isp: [[0, 0, 1, 3, 0], [0, 0, 4], [3, 3, 1, 0, 0], [0, 1, 5], [0, 0, 4], [0, 2], [0, 2, 0]]
tc: [[0, 0, 0, 0, 0], [0, 0, 0], [0, 0, 0, 0, 0], [0, 0, 2], [0, 0, 1], [1, 0], [0, 1, 0]]
score: 101.0111
----------------------------------------------------------------
isp: [[0, 0, 1, 3, 0], [0, 0, 4], [3, 3, 1, 0, 0], [0, 1, 5], [0, 0, 4], [0, 2], [0, 2, 0]]
tc: [[0, 1, 0, 0, 0], [0, 0, 1], [0, 1, 0, 0, 0], [0, 0, 2], [0, 0, 0], [0, 1], [0, 1, 0]]
score: 102.1111
----------------------------------------------------------------
isp: [[0, 0, 1, 3, 0], [0, 0, 4], [3, 3, 1, 0, 0], [0, 1, 5], [0, 0, 4], [0, 2], [0, 2, 0]]
tc: [[0, 1, 0, 0, 0], [0, 0, 1], [0, 0, 1, 0, 0], [1, 0, 2], [0, 1, 0], [0, 1], [0, 1, 0]]
score: 312.0111

