----------------------------------------------------------------
isp: [[0, 1, 1, 3, 0], [0, 0, 5], [3, 3, 2, 0, 0], [1, 1, 7], [0, 1, 4], [0, 3], [0, 3, 0]]
tc: [[0, 0, 0, 0, 0], [0, 0, 0], [1, 0, 0, 0, 0], [0, 0, 1], [0, 0, 1], [0, 1], [0, 1, 0]]
score: 0.31001
----------------------------------------------------------------
isp: [[0, 1, 1, 3, 0], [0, 0, 5], [3, 3, 2, 0, 0], [1, 1, 7], [0, 1, 4], [0, 3], [0, 3, 0]]
tc: [[0, 0, 0, 0, 0], [0, 0, 0], [0, 0, 0, 0, 0], [0, 0, 2], [0, 0, 2], [0, 1], [1, 0, 0]]
score: 100.11101
----------------------------------------------------------------
isp: [[0, 1, 1, 3, 0], [0, 0, 5], [3, 3, 2, 0, 0], [1, 1, 7], [0, 1, 4], [0, 3], [0, 3, 0]]
tc: [[0, 0, 0, 0, 0], [0, 0, 0], [0, 1, 0, 0, 0], [0, 0, 4], [0, 0, 3], [0, 1], [0, 1, 0]]
score: 0.31111112
----------------------------------------------------------------
isp: [[0, 1, 1, 3, 0], [0, 0, 5], [3, 3, 2, 0, 0], [1, 1, 7], [0, 1, 4], [0, 3], [0, 3, 0]]
tc: [[0, 0, 0, 0, 0], [0, 0, 0], [0, 0, 0, 0, 0], [0, 0, 0], [0, 0, 0], [0, 1], [0, 1, 0]]
score: 0.2
----------------------------------------------------------------
isp: [[0, 1, 1, 3, 0], [0, 0, 5], [3, 3, 2, 0, 0], [1, 1, 7], [0, 1, 4], [0, 3], [0, 3, 0]]
tc: [[0, 0, 0, 0, 0], [0, 0, 0], [0, 0, 0, 0, 0], [0, 0, 1], [0, 0, 0], [0, 1], [0, 1, 0]]
score: 0.20001
----------------------------------------------------------------
isp: [[0, 1, 1, 3, 0], [0, 0, 5], [3, 3, 2, 0, 0], [1, 1, 7], [0, 1, 4], [0, 3], [0, 3, 0]]
tc: [[0, 0, 0, 0, 0], [0, 0, 0], [0, 0, 0, 0, 0], [0, 0, 0], [0, 0, 0], [0, 1], [0, 1, 0]]
score: 0.2
----------------------------------------------------------------
isp: [[0, 1, 1, 3, 0], [0, 0, 5], [3, 3, 2, 0, 0], [1, 1, 7], [0, 1, 4], [0, 3], [0, 3, 0]]
tc: [[0, 0, 0, 1, 0], [0, 0, 1], [0, 1, 0, 0, 0], [0, 0, 2], [0, 0, 2], [0, 1], [0, 1, 0]]
score: 0.412011
----------------------------------------------------------------
isp: [[0, 1, 1, 3, 0], [0, 0, 5], [3, 3, 2, 0, 0], [1, 1, 7], [0, 1, 4], [0, 3], [0, 3, 0]]
tc: [[0, 0, 0, 0, 0], [0, 0, 0], [0, 0, 0, 0, 0], [0, 0, 3], [0, 0, 1], [0, 1], [0, 1, 0]]
score: 0.2100111
----------------------------------------------------------------
isp: [[0, 1, 1, 3, 0], [0, 0, 5], [3, 3, 2, 0, 0], [1, 1, 7], [0, 1, 4], [0, 3], [0, 3, 0]]
tc: [[0, 0, 0, 1, 0], [0, 0, 1], [1, 1, 0, 0, 0], [0, 0, 2], [0, 0, 0], [0, 1], [0, 1, 0]]
score: 0.501011
----------------------------------------------------------------
isp: [[0, 1, 1, 3, 0], [0, 0, 5], [3, 3, 2, 0, 0], [1, 1, 7], [0, 1, 4], [0, 3], [0, 3, 0]]
tc: [[0, 0, 0, 0, 0], [0, 0, 0], [0, 0, 0, 0, 0], [0, 0, 0], [0, 0, 0], [0, 1], [0, 1, 0]]
score: 0.2

