----------------------------------------------------------------
isp: [[0, 1, 1, 3, 0], [0, 0, 5], [3, 3, 2, 0, 0], [1, 1, 9], [0, 1, 6], [0, 4], [1, 3, 0]]
tc: [[0, 0, 0, 0, 0], [0, 0, 0], [0, 2, 0, 0, 0], [0, 0, 2], [0, 0, 1], [1, 0], [0, 1, 0]]
score: 100.2101
----------------------------------------------------------------
isp: [[0, 1, 1, 3, 0], [0, 0, 5], [3, 3, 2, 0, 0], [1, 1, 9], [0, 1, 6], [0, 4], [1, 3, 0]]
tc: [[0, 0, 0, 0, 0], [0, 0, 0], [0, 0, 0, 0, 0], [0, 0, 0], [0, 0, 0], [0, 1], [0, 1, 0]]
score: 0.11
----------------------------------------------------------------
isp: [[0, 1, 1, 3, 0], [0, 0, 5], [3, 3, 2, 0, 0], [1, 1, 9], [0, 1, 6], [0, 4], [1, 3, 0]]
tc: [[0, 0, 0, 0, 0], [0, 0, 0], [0, 0, 0, 0, 0], [0, 0, 2], [0, 0, 1], [0, 1], [0, 1, 0]]
score: 0.11010011
----------------------------------------------------------------
isp: [[0, 1, 1, 3, 0], [0, 0, 5], [3, 3, 2, 0, 0], [1, 1, 9], [0, 1, 6], [0, 4], [1, 3, 0]]
tc: [[0, 0, 0, 0, 0], [0, 0, 0], [0, 0, 0, 0, 0], [0, 0, 2], [0, 0, 2], [0, 1], [0, 1, 0]]
score: 0.11011011
----------------------------------------------------------------
isp: [[0, 1, 1, 3, 0], [0, 0, 5], [3, 3, 2, 0, 0], [1, 1, 9], [0, 1, 6], [0, 4], [1, 3, 0]]
tc: [[0, 0, 0, 0, 0], [0, 0, 0], [1, 0, 0, 0, 0], [0, 0, 1], [0, 0, 1], [0, 1], [0, 1, 0]]
score: 0.2101001
----------------------------------------------------------------
isp: [[0, 1, 1, 3, 0], [0, 0, 5], [3, 3, 2, 0, 0], [1, 1, 9], [0, 1, 6], [0, 4], [1, 3, 0]]
tc: [[0, 0, 0, 0, 0], [0, 0, 0], [0, 0, 0, 0, 0], [0, 0, 1], [0, 0, 1], [1, 0], [0, 1, 0]]
score: 100.1001
----------------------------------------------------------------
isp: [[0, 1, 1, 3, 0], [0, 0, 5], [3, 3, 2, 0, 0], [1, 1, 9], [0, 1, 6], [0, 4], [1, 3, 0]]
tc: [[0, 0, 0, 0, 0], [0, 0, 0], [0, 0, 0, 0, 0], [0, 0, 3], [0, 0, 2], [0, 1], [1, 0, 0]]
score: 10.01011
----------------------------------------------------------------
isp: [[0, 1, 1, 3, 0], [0, 0, 5], [3, 3, 2, 0, 0], [1, 1, 9], [0, 1, 6], [0, 4], [1, 3, 0]]
tc: [[0, 0, 0, 0, 0], [0, 0, 0], [0, 0, 0, 0, 0], [0, 0, 1], [0, 0, 1], [0, 1], [0, 1, 0]]
score: 0.110100105
----------------------------------------------------------------
isp: [[0, 1, 1, 3, 0], [0, 0, 5], [3, 3, 2, 0, 0], [1, 1, 9], [0, 1, 6], [0, 4], [1, 3, 0]]
tc: [[0, 0, 0, 0, 0], [0, 0, 0], [0, 0, 0, 0, 0], [0, 0, 0], [0, 0, 0], [0, 1], [0, 1, 0]]
score: 0.11
----------------------------------------------------------------
isp: [[0, 1, 1, 3, 0], [0, 0, 5], [3, 3, 2, 0, 0], [1, 1, 9], [0, 1, 6], [0, 4], [1, 3, 0]]
tc: [[0, 0, 0, 0, 0], [0, 0, 0], [0, 0, 0, 0, 0], [0, 0, 0], [0, 0, 0], [0, 1], [0, 1, 0]]
score: 0.11

