----------------------------------------------------------------
isp: [[0, 1, 1, 0, 0], [0, 1, 1], [0, 0, 1, 0, 0], [0, 1, 5], [0, 1, 3], [0, 2], [0, 2, 0]]
tc: [[0, 0, 0, 0, 0], [0, 0, 0], [0, 0, 0, 0, 0], [0, 0, 0], [0, 0, 0], [0, 1], [0, 1, 0]]
score: 2.0
----------------------------------------------------------------
isp: [[0, 1, 1, 0, 0], [0, 1, 1], [0, 0, 1, 0, 0], [0, 1, 5], [0, 1, 3], [0, 2], [0, 2, 0]]
tc: [[0, 0, 0, 0, 0], [0, 0, 0], [0, 0, 0, 0, 0], [0, 0, 0], [0, 0, 0], [0, 1], [0, 1, 0]]
score: 2.0
----------------------------------------------------------------
isp: [[0, 1, 1, 0, 0], [0, 1, 1], [0, 0, 1, 0, 0], [0, 1, 5], [0, 1, 3], [0, 2], [0, 2, 0]]
tc: [[0, 0, 0, 0, 0], [0, 0, 0], [0, 0, 0, 0, 0], [0, 0, 2], [0, 0, 0], [0, 1], [0, 1, 0]]
score: 2.0011
----------------------------------------------------------------
isp: [[0, 1, 1, 0, 0], [0, 1, 1], [0, 0, 1, 0, 0], [0, 1, 5], [0, 1, 3], [0, 2], [0, 2, 0]]
tc: [[0, 0, 0, 0, 0], [0, 0, 0], [0, 0, 0, 0, 0], [0, 0, 3], [0, 0, 3], [0, 1], [0, 1, 0]]
score: 2.1121101
----------------------------------------------------------------
isp: [[0, 1, 1, 0, 0], [0, 1, 1], [0, 0, 1, 0, 0], [0, 1, 5], [0, 1, 3], [0, 2], [0, 2, 0]]
tc: [[0, 0, 0, 0, 0], [0, 0, 0], [0, 0, 0, 0, 0], [0, 0, 2], [0, 0, 2], [0, 1], [0, 1, 0]]
score: 2.1111
----------------------------------------------------------------
isp: [[0, 1, 1, 0, 0], [0, 1, 1], [0, 0, 1, 0, 0], [0, 1, 5], [0, 1, 3], [0, 2], [0, 2, 0]]
tc: [[0, 0, 0, 0, 0], [0, 0, 0], [1, 1, 0, 0, 0], [0, 0, 1], [0, 0, 0], [0, 1], [0, 1, 0]]
score: 202.001
----------------------------------------------------------------
isp: [[0, 1, 1, 0, 0], [0, 1, 1], [0, 0, 1, 0, 0], [0, 1, 5], [0, 1, 3], [0, 2], [0, 2, 0]]
tc: [[0, 0, 0, 0, 0], [0, 0, 0], [0, 0, 0, 0, 0], [0, 0, 0], [0, 0, 0], [0, 1], [0, 1, 0]]
score: 2.0
----------------------------------------------------------------
isp: [[0, 1, 1, 0, 0], [0, 1, 1], [0, 0, 1, 0, 0], [0, 1, 5], [0, 1, 3], [0, 2], [0, 2, 0]]
tc: [[0, 1, 0, 0, 0], [0, 0, 1], [0, 0, 0, 0, 0], [0, 0, 2], [0, 0, 0], [0, 1], [0, 1, 0]]
score: 22.0011
----------------------------------------------------------------
isp: [[0, 1, 1, 0, 0], [0, 1, 1], [0, 0, 1, 0, 0], [0, 1, 5], [0, 1, 3], [0, 2], [0, 2, 0]]
tc: [[0, 0, 0, 0, 0], [0, 0, 0], [0, 0, 0, 0, 0], [0, 0, 2], [0, 0, 0], [1, 0], [0, 1, 0]]
score: 101.0011
----------------------------------------------------------------
isp: [[0, 1, 1, 0, 0], [0, 1, 1], [0, 0, 1, 0, 0], [0, 1, 5], [0, 1, 3], [0, 2], [0, 2, 0]]
tc: [[0, 0, 0, 0, 0], [0, 0, 0], [4, 4, 0, 0, 0], [0, 0, 1], [0, 0, 0], [0, 1], [0, 1, 0]]
score: 224.201

