----------------------------------------------------------------
isp: [[0, 1, 1, 0, 0], [0, 1, 1], [4, 4, 1, 0, 0], [0, 1, 6], [0, 1, 3], [0, 3], [0, 3, 0]]
tc: [[0, 0, 0, 0, 0], [0, 0, 0], [1, 2, 0, 0, 0], [0, 0, 1], [0, 0, 1], [0, 1], [0, 1, 0]]
score: 0.3211
----------------------------------------------------------------
isp: [[0, 1, 1, 0, 0], [0, 1, 1], [4, 4, 1, 0, 0], [0, 1, 6], [0, 1, 3], [0, 3], [0, 3, 0]]
tc: [[0, 0, 0, 0, 0], [0, 0, 0], [0, 0, 0, 0, 0], [0, 0, 4], [0, 0, 0], [1, 0], [0, 1, 0]]
score: 100.10011
----------------------------------------------------------------
isp: [[0, 1, 1, 0, 0], [0, 1, 1], [4, 4, 1, 0, 0], [0, 1, 6], [0, 1, 3], [0, 3], [0, 3, 0]]
tc: [[0, 0, 0, 0, 0], [0, 0, 0], [0, 0, 0, 0, 0], [0, 0, 4], [0, 0, 1], [1, 0], [0, 1, 0]]
score: 100.20011
----------------------------------------------------------------
isp: [[0, 1, 1, 0, 0], [0, 1, 1], [4, 4, 1, 0, 0], [0, 1, 6], [0, 1, 3], [0, 3], [0, 3, 0]]
tc: [[0, 0, 0, 0, 0], [0, 0, 0], [0, 0, 0, 0, 0], [0, 0, 5], [0, 0, 0], [0, 1], [1, 0, 0]]
score: 100.10011
----------------------------------------------------------------
isp: [[0, 1, 1, 0, 0], [0, 1, 1], [4, 4, 1, 0, 0], [0, 1, 6], [0, 1, 3], [0, 3], [0, 3, 0]]
tc: [[0, 0, 0, 0, 0], [0, 0, 0], [0, 0, 0, 0, 0], [0, 0, 0], [0, 0, 0], [0, 1], [0, 1, 0]]
score: 0.2
----------------------------------------------------------------
isp: [[0, 1, 1, 0, 0], [0, 1, 1], [4, 4, 1, 0, 0], [0, 1, 6], [0, 1, 3], [0, 3], [0, 3, 0]]
tc: [[0, 0, 0, 0, 0], [0, 0, 0], [0, 0, 0, 0, 0], [0, 0, 1], [0, 0, 1], [1, 0], [0, 1, 0]]
score: 100.200096
----------------------------------------------------------------
isp: [[0, 1, 1, 0, 0], [0, 1, 1], [4, 4, 1, 0, 0], [0, 1, 6], [0, 1, 3], [0, 3], [0, 3, 0]]
tc: [[0, 0, 0, 0, 0], [0, 0, 0], [0, 0, 0, 0, 0], [0, 0, 2], [0, 0, 1], [0, 1], [0, 0, 1]]
score: 100.20011
----------------------------------------------------------------
isp: [[0, 1, 1, 0, 0], [0, 1, 1], [4, 4, 1, 0, 0], [0, 1, 6], [0, 1, 3], [0, 3], [0, 3, 0]]
tc: [[0, 0, 0, 0, 0], [0, 0, 0], [0, 1, 0, 0, 0], [0, 0, 1], [0, 0, 0], [0, 1], [0, 1, 0]]
score: 0.2101
----------------------------------------------------------------
isp: [[0, 1, 1, 0, 0], [0, 1, 1], [4, 4, 1, 0, 0], [0, 1, 6], [0, 1, 3], [0, 3], [0, 3, 0]]
tc: [[0, 0, 0, 0, 0], [0, 0, 0], [0, 0, 0, 0, 0], [0, 0, 1], [0, 0, 0], [0, 1], [0, 1, 0]]
score: 0.2001
----------------------------------------------------------------
isp: [[0, 1, 1, 0, 0], [0, 1, 1], [4, 4, 1, 0, 0], [0, 1, 6], [0, 1, 3], [0, 3], [0, 3, 0]]
tc: [[0, 0, 0, 0, 0], [0, 0, 0], [0, 0, 0, 0, 0], [0, 0, 1], [0, 0, 0], [0, 1], [0, 0, 1]]
score: 100.1001

