----------------------------------------------------------------
isp: [[1, 0, 0, 0, 0], [0, 1, 0], [2, 2, 0, 0, 0], [0, 0, 5], [0, 0, 3], [0, 3], [0, 2, 1]]
tc: [[0, 0, 0, 0, 0], [0, 0, 0], [0, 0, 0, 0, 0], [0, 0, 2], [0, 0, 1], [0, 1], [0, 1, 0]]
score: 1.2011
----------------------------------------------------------------
isp: [[1, 0, 0, 0, 0], [0, 1, 0], [2, 2, 0, 0, 0], [0, 0, 5], [0, 0, 3], [0, 3], [0, 2, 1]]
tc: [[0, 0, 0, 0, 0], [0, 0, 0], [0, 1, 0, 0, 0], [0, 0, 1], [0, 0, 1], [0, 1], [0, 1, 0]]
score: 2.2010002
----------------------------------------------------------------
isp: [[1, 0, 0, 0, 0], [0, 1, 0], [2, 2, 0, 0, 0], [0, 0, 5], [0, 0, 3], [0, 3], [0, 2, 1]]
tc: [[0, 0, 0, 0, 0], [0, 0, 0], [0, 0, 0, 0, 0], [0, 0, 2], [0, 0, 0], [0, 1], [1, 0, 0]]
score: 100.1011
----------------------------------------------------------------
isp: [[1, 0, 0, 0, 0], [0, 1, 0], [2, 2, 0, 0, 0], [0, 0, 5], [0, 0, 3], [0, 3], [0, 2, 1]]
tc: [[0, 0, 0, 0, 0], [0, 0, 0], [1, 0, 0, 0, 0], [0, 0, 1], [0, 0, 1], [0, 1], [0, 1, 0]]
score: 2.2010002
----------------------------------------------------------------
isp: [[1, 0, 0, 0, 0], [0, 1, 0], [2, 2, 0, 0, 0], [0, 0, 5], [0, 0, 3], [0, 3], [0, 2, 1]]
tc: [[0, 0, 0, 0, 0], [0, 0, 0], [0, 0, 0, 0, 0], [0, 0, 0], [0, 0, 0], [0, 1], [0, 1, 0]]
score: 1.1
----------------------------------------------------------------
isp: [[1, 0, 0, 0, 0], [0, 1, 0], [2, 2, 0, 0, 0], [0, 0, 5], [0, 0, 3], [0, 3], [0, 2, 1]]
tc: [[0, 0, 0, 0, 0], [0, 0, 0], [0, 0, 0, 0, 0], [0, 0, 1], [0, 0, 1], [0, 1], [0, 1, 0]]
score: 1.201
----------------------------------------------------------------
isp: [[1, 0, 0, 0, 0], [0, 1, 0], [2, 2, 0, 0, 0], [0, 0, 5], [0, 0, 3], [0, 3], [0, 2, 1]]
tc: [[0, 0, 0, 0, 0], [0, 0, 0], [0, 0, 0, 0, 0], [0, 0, 1], [0, 0, 1], [0, 1], [0, 1, 0]]
score: 1.201
----------------------------------------------------------------
isp: [[1, 0, 0, 0, 0], [0, 1, 0], [2, 2, 0, 0, 0], [0, 0, 5], [0, 0, 3], [0, 3], [0, 2, 1]]
tc: [[0, 0, 0, 0, 0], [0, 0, 0], [0, 0, 0, 0, 0], [0, 0, 3], [0, 0, 2], [0, 1], [0, 1, 0]]
score: 1.21111
----------------------------------------------------------------
isp: [[1, 0, 0, 0, 0], [0, 1, 0], [2, 2, 0, 0, 0], [0, 0, 5], [0, 0, 3], [0, 3], [0, 2, 1]]
tc: [[0, 0, 0, 0, 0], [0, 0, 0], [0, 0, 0, 0, 0], [0, 0, 1], [0, 0, 0], [0, 1], [0, 1, 0]]
score: 1.101
----------------------------------------------------------------
isp: [[1, 0, 0, 0, 0], [0, 1, 0], [2, 2, 0, 0, 0], [0, 0, 5], [0, 0, 3], [0, 3], [0, 2, 1]]
tc: [[0, 0, 0, 0, 0], [0, 0, 0], [0, 0, 0, 0, 0], [0, 0, 0], [0, 0, 0], [0, 1], [0, 1, 0]]
score: 1.1

