----------------------------------------------------------------
isp: [[1, 0, 0, 0, 0], [0, 1, 0], [2, 2, 0, 0, 0], [0, 0, 7], [0, 0, 3], [0, 4], [1, 2, 1]]
tc: [[0, 0, 0, 0, 0], [0, 0, 0], [0, 0, 0, 0, 0], [0, 0, 0], [0, 0, 0], [0, 1], [0, 1, 0]]
score: 1.01
----------------------------------------------------------------
isp: [[1, 0, 0, 0, 0], [0, 1, 0], [2, 2, 0, 0, 0], [0, 0, 7], [0, 0, 3], [0, 4], [1, 2, 1]]
tc: [[0, 0, 0, 0, 0], [0, 0, 0], [0, 0, 0, 0, 0], [0, 0, 2], [0, 0, 1], [0, 1], [0, 1, 0]]
score: 1.110011
----------------------------------------------------------------
isp: [[1, 0, 0, 0, 0], [0, 1, 0], [2, 2, 0, 0, 0], [0, 0, 7], [0, 0, 3], [0, 4], [1, 2, 1]]
tc: [[0, 0, 0, 0, 0], [0, 0, 0], [0, 0, 0, 0, 0], [0, 0, 1], [0, 0, 0], [1, 0], [0, 1, 0]]
score: 101.00001
----------------------------------------------------------------
isp: [[1, 0, 0, 0, 0], [0, 1, 0], [2, 2, 0, 0, 0], [0, 0, 7], [0, 0, 3], [0, 4], [1, 2, 1]]
tc: [[0, 0, 0, 0, 0], [0, 0, 0], [0, 1, 0, 0, 0], [0, 0, 1], [0, 0, 0], [0, 1], [0, 1, 0]]
score: 2.01001
----------------------------------------------------------------
isp: [[1, 0, 0, 0, 0], [0, 1, 0], [2, 2, 0, 0, 0], [0, 0, 7], [0, 0, 3], [0, 4], [1, 2, 1]]
tc: [[0, 0, 0, 0, 0], [0, 0, 0], [0, 0, 0, 0, 0], [0, 0, 1], [0, 0, 0], [0, 1], [0, 0, 1]]
score: 10.01001
----------------------------------------------------------------
isp: [[1, 0, 0, 0, 0], [0, 1, 0], [2, 2, 0, 0, 0], [0, 0, 7], [0, 0, 3], [0, 4], [1, 2, 1]]
tc: [[0, 0, 0, 0, 0], [0, 0, 0], [0, 0, 0, 0, 0], [0, 0, 0], [0, 0, 0], [0, 1], [0, 1, 0]]
score: 1.01
----------------------------------------------------------------
isp: [[1, 0, 0, 0, 0], [0, 1, 0], [2, 2, 0, 0, 0], [0, 0, 7], [0, 0, 3], [0, 4], [1, 2, 1]]
tc: [[0, 0, 0, 0, 0], [0, 0, 0], [0, 0, 0, 0, 0], [0, 0, 2], [0, 0, 1], [0, 1], [0, 1, 0]]
score: 1.110011
----------------------------------------------------------------
isp: [[1, 0, 0, 0, 0], [0, 1, 0], [2, 2, 0, 0, 0], [0, 0, 7], [0, 0, 3], [0, 4], [1, 2, 1]]
tc: [[0, 0, 0, 0, 0], [0, 0, 0], [0, 0, 0, 0, 0], [0, 0, 3], [0, 0, 2], [1, 0], [0, 0, 1]]
score: 110.11001
----------------------------------------------------------------
isp: [[1, 0, 0, 0, 0], [0, 1, 0], [2, 2, 0, 0, 0], [0, 0, 7], [0, 0, 3], [0, 4], [1, 2, 1]]
tc: [[0, 0, 0, 0, 0], [0, 0, 0], [0, 0, 0, 0, 0], [0, 0, 1], [0, 0, 1], [1, 0], [0, 1, 0]]
score: 101.10001
----------------------------------------------------------------
isp: [[1, 0, 0, 0, 0], [0, 1, 0], [2, 2, 0, 0, 0], [0, 0, 7], [0, 0, 3], [0, 4], [1, 2, 1]]
tc: [[0, 0, 0, 0, 0], [0, 0, 0], [0, 1, 0, 0, 0], [0, 0, 2], [0, 0, 0], [0, 1], [0, 1, 0]]
score: 2.010011

