----------------------------------------------------------------
isp: [[1, 0, 0, 0, 0], [0, 1, 0], [0, 0, 1, 0, 0], [0, 1, 2], [0, 1, 1], [0, 1], [0, 1, 0]]
tc: [[0, 0, 0, 0, 0], [0, 0, 0], [0, 0, 0, 0, 0], [0, 0, 1], [0, 0, 0], [0, 1], [0, 1, 0]]
score: 21.0
----------------------------------------------------------------
isp: [[1, 0, 0, 0, 0], [0, 1, 0], [0, 0, 1, 0, 0], [0, 1, 2], [0, 1, 1], [0, 1], [0, 1, 0]]
tc: [[0, 0, 0, 0, 0], [0, 0, 0], [0, 0, 0, 0, 0], [0, 0, 0], [0, 0, 0], [0, 1], [0, 1, 0]]
score: 20.0
----------------------------------------------------------------
isp: [[1, 0, 0, 0, 0], [0, 1, 0], [0, 0, 1, 0, 0], [0, 1, 2], [0, 1, 1], [0, 1], [0, 1, 0]]
tc: [[0, 0, 0, 0, 0], [0, 0, 0], [0, 0, 0, 0, 0], [0, 0, 0], [0, 0, 0], [0, 1], [0, 1, 0]]
score: 20.0
----------------------------------------------------------------
isp: [[1, 0, 0, 0, 0], [0, 1, 0], [0, 0, 1, 0, 0], [0, 1, 2], [0, 1, 1], [0, 1], [0, 1, 0]]
tc: [[0, 0, 0, 0, 0], [0, 0, 0], [0, 0, 0, 0, 0], [0, 0, 2], [0, 0, 1], [1, 0], [0, 0, 1]]
score: 211.1
----------------------------------------------------------------
isp: [[1, 0, 0, 0, 0], [0, 1, 0], [0, 0, 1, 0, 0], [0, 1, 2], [0, 1, 1], [0, 1], [0, 1, 0]]
tc: [[0, 0, 0, 0, 0], [0, 0, 0], [0, 0, 0, 0, 0], [0, 0, 0], [0, 0, 0], [0, 1], [0, 1, 0]]
score: 20.0
----------------------------------------------------------------
isp: [[1, 0, 0, 0, 0], [0, 1, 0], [0, 0, 1, 0, 0], [0, 1, 2], [0, 1, 1], [0, 1], [0, 1, 0]]
tc: [[0, 0, 0, 0, 0], [0, 0, 0], [0, 4, 0, 0, 0], [0, 0, 1], [0, 0, 0], [0, 1], [0, 1, 0]]
score: 132.1
----------------------------------------------------------------
isp: [[1, 0, 0, 0, 0], [0, 1, 0], [0, 0, 1, 0, 0], [0, 1, 2], [0, 1, 1], [0, 1], [0, 1, 0]]
tc: [[0, 0, 0, 0, 0], [0, 0, 0], [0, 0, 0, 0, 0], [0, 0, 1], [0, 0, 1], [0, 1], [0, 1, 0]]
score: 31.0
----------------------------------------------------------------
isp: [[1, 0, 0, 0, 0], [0, 1, 0], [0, 0, 1, 0, 0], [0, 1, 2], [0, 1, 1], [0, 1], [0, 1, 0]]
tc: [[1, 0, 0, 1, 0], [0, 1, 1], [0, 0, 1, 0, 0], [0, 1, 3], [0, 0, 1], [0, 1], [0, 1, 0]]
score: 271.11
----------------------------------------------------------------
isp: [[1, 0, 0, 0, 0], [0, 1, 0], [0, 0, 1, 0, 0], [0, 1, 2], [0, 1, 1], [0, 1], [0, 1, 0]]
tc: [[0, 0, 0, 3, 0], [0, 0, 3], [1, 2, 0, 0, 0], [0, 0, 4], [0, 0, 2], [1, 0], [0, 1, 0]]
score: 554.11096
----------------------------------------------------------------
isp: [[1, 0, 0, 0, 0], [0, 1, 0], [0, 0, 1, 0, 0], [0, 1, 2], [0, 1, 1], [0, 1], [0, 1, 0]]
tc: [[0, 0, 0, 0, 0], [0, 0, 0], [0, 0, 0, 0, 0], [0, 0, 0], [0, 0, 0], [0, 1], [0, 1, 0]]
score: 20.0

