----------------------------------------------------------------
isp: [[0, 1, 0, 0, 0], [0, 0, 1], [1, 2, 0, 0, 0], [0, 0, 8], [0, 1, 4], [0, 3], [1, 2, 0]]
tc: [[0, 0, 0, 0, 0], [0, 0, 0], [1, 0, 0, 0, 0], [0, 0, 3], [0, 0, 3], [0, 1], [0, 1, 0]]
score: 11.111101
----------------------------------------------------------------
isp: [[0, 1, 0, 0, 0], [0, 0, 1], [1, 2, 0, 0, 0], [0, 0, 8], [0, 1, 4], [0, 3], [1, 2, 0]]
tc: [[0, 0, 0, 0, 0], [0, 0, 0], [0, 0, 0, 0, 0], [0, 0, 0], [0, 0, 0], [0, 1], [0, 1, 0]]
score: 1.1
----------------------------------------------------------------
isp: [[0, 1, 0, 0, 0], [0, 0, 1], [1, 2, 0, 0, 0], [0, 0, 8], [0, 1, 4], [0, 3], [1, 2, 0]]
tc: [[0, 0, 0, 0, 0], [0, 0, 0], [0, 0, 0, 0, 0], [0, 0, 1], [0, 0, 1], [0, 1], [0, 1, 0]]
score: 1.110001
----------------------------------------------------------------
isp: [[0, 1, 0, 0, 0], [0, 0, 1], [1, 2, 0, 0, 0], [0, 0, 8], [0, 1, 4], [0, 3], [1, 2, 0]]
tc: [[0, 0, 0, 0, 0], [0, 0, 0], [1, 0, 0, 0, 0], [0, 0, 1], [0, 0, 1], [0, 1], [0, 1, 0]]
score: 11.110002
----------------------------------------------------------------
isp: [[0, 1, 0, 0, 0], [0, 0, 1], [1, 2, 0, 0, 0], [0, 0, 8], [0, 1, 4], [0, 3], [1, 2, 0]]
tc: [[0, 0, 0, 0, 0], [0, 0, 0], [0, 0, 0, 0, 0], [0, 0, 0], [0, 0, 0], [0, 1], [0, 1, 0]]
score: 1.1
----------------------------------------------------------------
isp: [[0, 1, 0, 0, 0], [0, 0, 1], [1, 2, 0, 0, 0], [0, 0, 8], [0, 1, 4], [0, 3], [1, 2, 0]]
tc: [[0, 0, 0, 0, 0], [0, 0, 0], [0, 0, 0, 0, 0], [0, 0, 0], [0, 0, 0], [0, 1], [0, 1, 0]]
score: 1.1
----------------------------------------------------------------
isp: [[0, 1, 0, 0, 0], [0, 0, 1], [1, 2, 0, 0, 0], [0, 0, 8], [0, 1, 4], [0, 3], [1, 2, 0]]
tc: [[0, 0, 0, 0, 0], [0, 0, 0], [0, 0, 0, 0, 0], [0, 0, 0], [0, 0, 0], [0, 1], [0, 1, 0]]
score: 1.1
----------------------------------------------------------------
isp: [[0, 1, 0, 0, 0], [0, 0, 1], [1, 2, 0, 0, 0], [0, 0, 8], [0, 1, 4], [0, 3], [1, 2, 0]]
tc: [[0, 0, 0, 0, 0], [0, 0, 0], [0, 0, 0, 0, 0], [0, 0, 3], [0, 0, 3], [0, 1], [0, 1, 0]]
score: 1.1111012
----------------------------------------------------------------
isp: [[0, 1, 0, 0, 0], [0, 0, 1], [1, 2, 0, 0, 0], [0, 0, 8], [0, 1, 4], [0, 3], [1, 2, 0]]
tc: [[0, 0, 0, 0, 0], [0, 0, 0], [0, 1, 0, 0, 0], [0, 0, 1], [0, 0, 0], [0, 1], [0, 1, 0]]
score: 2.1000009
----------------------------------------------------------------
isp: [[0, 1, 0, 0, 0], [0, 0, 1], [1, 2, 0, 0, 0], [0, 0, 8], [0, 1, 4], [0, 3], [1, 2, 0]]
tc: [[0, 0, 0, 0, 0], [0, 0, 0], [0, 0, 0, 0, 0], [0, 0, 3], [0, 0, 0], [0, 1], [0, 1, 0]]
score: 1.1000011

