----------------------------------------------------------------
isp: [[0, 1, 0, 0, 0], [0, 0, 1], [2, 2, 0, 0, 0], [0, 0, 11], [0, 1, 7], [0, 4], [1, 3, 0]]
tc: [[0, 0, 0, 0, 0], [0, 0, 0], [0, 0, 0, 0, 0], [0, 0, 0], [0, 0, 0], [0, 1], [0, 1, 0]]
score: 0.11
----------------------------------------------------------------
isp: [[0, 1, 0, 0, 0], [0, 0, 1], [2, 2, 0, 0, 0], [0, 0, 11], [0, 1, 7], [0, 4], [1, 3, 0]]
tc: [[0, 0, 0, 0, 0], [0, 0, 0], [1, 1, 0, 0, 0], [0, 0, 3], [0, 0, 2], [0, 1], [0, 1, 0]]
score: 2.1100109
----------------------------------------------------------------
isp: [[0, 1, 0, 0, 0], [0, 0, 1], [2, 2, 0, 0, 0], [0, 0, 11], [0, 1, 7], [0, 4], [1, 3, 0]]
tc: [[0, 0, 0, 0, 0], [0, 0, 0], [0, 0, 0, 0, 0], [0, 0, 2], [0, 0, 1], [0, 1], [0, 1, 0]]
score: 0.110010006
----------------------------------------------------------------
isp: [[0, 1, 0, 0, 0], [0, 0, 1], [2, 2, 0, 0, 0], [0, 0, 11], [0, 1, 7], [0, 4], [1, 3, 0]]
tc: [[0, 1, 0, 0, 0], [0, 0, 1], [1, 0, 0, 0, 0], [0, 0, 3], [0, 0, 1], [0, 1], [0, 1, 0]]
score: 21.11001
----------------------------------------------------------------
isp: [[0, 1, 0, 0, 0], [0, 0, 1], [2, 2, 0, 0, 0], [0, 0, 11], [0, 1, 7], [0, 4], [1, 3, 0]]
tc: [[0, 0, 0, 0, 0], [0, 0, 0], [0, 0, 0, 0, 0], [0, 0, 3], [0, 0, 2], [0, 1], [0, 1, 0]]
score: 0.110011004
----------------------------------------------------------------
isp: [[0, 1, 0, 0, 0], [0, 0, 1], [2, 2, 0, 0, 0], [0, 0, 11], [0, 1, 7], [0, 4], [1, 3, 0]]
tc: [[0, 0, 0, 0, 0], [0, 0, 0], [0, 0, 0, 0, 0], [0, 0, 1], [0, 0, 1], [0, 1], [0, 1, 0]]
score: 0.11001
----------------------------------------------------------------
isp: [[0, 1, 0, 0, 0], [0, 0, 1], [2, 2, 0, 0, 0], [0, 0, 11], [0, 1, 7], [0, 4], [1, 3, 0]]
tc: [[0, 0, 0, 0, 0], [0, 0, 0], [0, 0, 0, 0, 0], [0, 0, 2], [0, 0, 1], [0, 1], [0, 1, 0]]
score: 0.110010006
----------------------------------------------------------------
isp: [[0, 1, 0, 0, 0], [0, 0, 1], [2, 2, 0, 0, 0], [0, 0, 11], [0, 1, 7], [0, 4], [1, 3, 0]]
tc: [[1, 0, 0, 0, 0], [0, 1, 0], [0, 0, 0, 0, 0], [0, 0, 5], [0, 0, 0], [1, 0], [1, 0, 0]]
score: 310.0
----------------------------------------------------------------
isp: [[0, 1, 0, 0, 0], [0, 0, 1], [2, 2, 0, 0, 0], [0, 0, 11], [0, 1, 7], [0, 4], [1, 3, 0]]
tc: [[0, 0, 0, 0, 0], [0, 0, 0], [0, 0, 0, 0, 0], [0, 0, 2], [0, 0, 1], [0, 1], [0, 1, 0]]
score: 0.110010006
----------------------------------------------------------------
isp: [[0, 1, 0, 0, 0], [0, 0, 1], [2, 2, 0, 0, 0], [0, 0, 11], [0, 1, 7], [0, 4], [1, 3, 0]]
tc: [[0, 0, 0, 0, 0], [0, 0, 0], [0, 0, 0, 0, 0], [0, 0, 0], [0, 0, 0], [0, 1], [0, 1, 0]]
score: 0.11

