----------------------------------------------------------------
isp: []
tc: [[0, 0, 0, 0, 0], [0, 0, 0], [1, 2, 0, 0, 0], [0, 0, 3], [0, 0, 3], [0, 1], [1, 0, 0]]
score: 632.0
----------------------------------------------------------------
isp: []
tc: [[0, 1, 0, 0, 0], [0, 0, 1], [0, 0, 1, 0, 0], [0, 1, 3], [0, 0, 1], [0, 1], [0, 1, 0]]
score: 811.0
----------------------------------------------------------------
isp: []
tc: [[0, 0, 0, 0, 0], [0, 0, 0], [0, 0, 0, 0, 0], [0, 0, 0], [0, 0, 0], [0, 1], [0, 1, 0]]
score: 200.0
----------------------------------------------------------------
isp: []
tc: [[0, 0, 0, 0, 0], [0, 0, 0], [0, 0, 0, 0, 0], [0, 0, 1], [0, 0, 1], [0, 1], [0, 1, 0]]
score: 400.0
----------------------------------------------------------------
isp: []
tc: [[0, 0, 0, 0, 0], [0, 0, 0], [0, 0, 0, 0, 0], [0, 0, 0], [0, 0, 0], [0, 1], [0, 1, 0]]
score: 200.0
----------------------------------------------------------------
isp: []
tc: [[0, 0, 0, 0, 0], [0, 0, 0], [1, 0, 0, 0, 0], [0, 0, 1], [0, 0, 0], [0, 1], [0, 1, 0]]
score: 400.0
----------------------------------------------------------------
isp: []
tc: [[0, 0, 0, 0, 0], [0, 0, 0], [0, 0, 0, 0, 0], [0, 0, 3], [0, 0, 1], [0, 1], [0, 1, 0]]
score: 411.0
----------------------------------------------------------------
isp: []
tc: [[0, 0, 0, 0, 0], [0, 0, 0], [0, 0, 0, 0, 0], [0, 0, 1], [0, 0, 1], [0, 1], [0, 0, 1]]
score: 400.0
----------------------------------------------------------------
isp: []
tc: [[0, 0, 0, 0, 0], [0, 0, 0], [0, 0, 0, 0, 0], [0, 0, 0], [0, 0, 0], [0, 1], [0, 1, 0]]
score: 200.0
----------------------------------------------------------------
isp: []
tc: [[0, 0, 0, 0, 0], [0, 0, 0], [0, 0, 0, 0, 0], [0, 0, 2], [0, 0, 0], [0, 1], [0, 1, 0]]
score: 310.0

