----------------------------------------------------------------
isp: [[0, 1, 0, 0, 0], [0, 0, 1], [1, 2, 1, 0, 0], [0, 1, 5], [0, 0, 2], [0, 2], [0, 2, 0]]
tc: [[0, 0, 0, 0, 0], [0, 0, 0], [0, 0, 0, 0, 0], [0, 0, 0], [0, 0, 0], [0, 1], [0, 1, 0]]
score: 2.0
----------------------------------------------------------------
isp: [[0, 1, 0, 0, 0], [0, 0, 1], [1, 2, 1, 0, 0], [0, 1, 5], [0, 0, 2], [0, 2], [0, 2, 0]]
tc: [[0, 0, 0, 0, 0], [0, 0, 0], [1, 3, 0, 0, 0], [0, 0, 1], [0, 0, 1], [0, 1], [0, 1, 0]]
score: 14.111
----------------------------------------------------------------
isp: [[0, 1, 0, 0, 0], [0, 0, 1], [1, 2, 1, 0, 0], [0, 1, 5], [0, 0, 2], [0, 2], [0, 2, 0]]
tc: [[0, 0, 0, 0, 0], [0, 0, 0], [0, 0, 0, 0, 0], [0, 0, 1], [0, 0, 0], [0, 1], [0, 1, 0]]
score: 2.001
----------------------------------------------------------------
isp: [[0, 1, 0, 0, 0], [0, 0, 1], [1, 2, 1, 0, 0], [0, 1, 5], [0, 0, 2], [0, 2], [0, 2, 0]]
tc: [[0, 0, 1, 0, 0], [0, 1, 0], [0, 0, 0, 0, 0], [0, 0, 2], [0, 0, 1], [0, 1], [0, 1, 0]]
score: 203.0011
----------------------------------------------------------------
isp: [[0, 1, 0, 0, 0], [0, 0, 1], [1, 2, 1, 0, 0], [0, 1, 5], [0, 0, 2], [0, 2], [0, 2, 0]]
tc: [[0, 0, 0, 0, 0], [0, 0, 0], [1, 1, 0, 0, 0], [0, 0, 1], [0, 0, 1], [0, 1], [0, 1, 0]]
score: 14.001
----------------------------------------------------------------
isp: [[0, 1, 0, 0, 0], [0, 0, 1], [1, 2, 1, 0, 0], [0, 1, 5], [0, 0, 2], [0, 2], [0, 2, 0]]
tc: [[0, 0, 0, 0, 0], [0, 0, 0], [0, 0, 0, 0, 0], [0, 0, 2], [0, 0, 1], [0, 1], [0, 0, 1]]
score: 102.0011
----------------------------------------------------------------
isp: [[0, 1, 0, 0, 0], [0, 0, 1], [1, 2, 1, 0, 0], [0, 1, 5], [0, 0, 2], [0, 2], [0, 2, 0]]
tc: [[0, 0, 0, 0, 0], [0, 0, 0], [0, 0, 0, 0, 0], [0, 0, 1], [0, 0, 1], [0, 1], [0, 1, 0]]
score: 3.001
----------------------------------------------------------------
isp: [[0, 1, 0, 0, 0], [0, 0, 1], [1, 2, 1, 0, 0], [0, 1, 5], [0, 0, 2], [0, 2], [0, 2, 0]]
tc: [[0, 0, 0, 0, 0], [0, 0, 0], [0, 0, 0, 0, 0], [0, 0, 2], [0, 0, 1], [1, 0], [0, 1, 0]]
score: 102.0011
----------------------------------------------------------------
isp: [[0, 1, 0, 0, 0], [0, 0, 1], [1, 2, 1, 0, 0], [0, 1, 5], [0, 0, 2], [0, 2], [0, 2, 0]]
tc: [[0, 0, 0, 0, 0], [0, 0, 0], [0, 0, 0, 0, 0], [0, 0, 0], [0, 0, 0], [0, 1], [0, 1, 0]]
score: 2.0
----------------------------------------------------------------
isp: [[0, 1, 0, 0, 0], [0, 0, 1], [1, 2, 1, 0, 0], [0, 1, 5], [0, 0, 2], [0, 2], [0, 2, 0]]
tc: [[0, 0, 0, 0, 0], [0, 0, 0], [0, 0, 0, 0, 0], [0, 0, 0], [0, 0, 0], [0, 1], [0, 1, 0]]
score: 2.0

