----------------------------------------------------------------
isp: [[0, 1, 1, 0, 0], [0, 1, 1], [1, 2, 1, 0, 0], [0, 1, 7], [0, 0, 3], [0, 3], [0, 3, 0]]
tc: [[0, 0, 0, 0, 0], [0, 0, 0], [0, 0, 0, 0, 0], [0, 0, 1], [0, 0, 1], [0, 1], [0, 1, 0]]
score: 0.30001
----------------------------------------------------------------
isp: [[0, 1, 1, 0, 0], [0, 1, 1], [1, 2, 1, 0, 0], [0, 1, 7], [0, 0, 3], [0, 3], [0, 3, 0]]
tc: [[0, 0, 0, 0, 0], [0, 0, 0], [0, 0, 0, 0, 0], [0, 0, 1], [0, 0, 1], [0, 1], [0, 1, 0]]
score: 0.30001
----------------------------------------------------------------
isp: [[0, 1, 1, 0, 0], [0, 1, 1], [1, 2, 1, 0, 0], [0, 1, 7], [0, 0, 3], [0, 3], [0, 3, 0]]
tc: [[0, 0, 0, 0, 0], [0, 0, 0], [0, 0, 0, 0, 0], [0, 0, 0], [0, 0, 0], [0, 1], [0, 1, 0]]
score: 0.2
----------------------------------------------------------------
isp: [[0, 1, 1, 0, 0], [0, 1, 1], [1, 2, 1, 0, 0], [0, 1, 7], [0, 0, 3], [0, 3], [0, 3, 0]]
tc: [[0, 0, 0, 0, 0], [0, 0, 0], [0, 0, 0, 0, 0], [0, 0, 2], [0, 0, 0], [1, 0], [0, 1, 0]]
score: 100.100006
----------------------------------------------------------------
isp: [[0, 1, 1, 0, 0], [0, 1, 1], [1, 2, 1, 0, 0], [0, 1, 7], [0, 0, 3], [0, 3], [0, 3, 0]]
tc: [[0, 0, 0, 0, 0], [0, 0, 0], [0, 1, 0, 0, 0], [0, 0, 1], [0, 0, 0], [0, 1], [0, 1, 0]]
score: 1.2000101
----------------------------------------------------------------
isp: [[0, 1, 1, 0, 0], [0, 1, 1], [1, 2, 1, 0, 0], [0, 1, 7], [0, 0, 3], [0, 3], [0, 3, 0]]
tc: [[0, 0, 0, 0, 0], [0, 0, 0], [0, 0, 0, 0, 0], [0, 0, 2], [0, 0, 2], [0, 1], [0, 1, 0]]
score: 0.310011
----------------------------------------------------------------
isp: [[0, 1, 1, 0, 0], [0, 1, 1], [1, 2, 1, 0, 0], [0, 1, 7], [0, 0, 3], [0, 3], [0, 3, 0]]
tc: [[0, 0, 0, 0, 0], [0, 0, 0], [0, 0, 0, 0, 0], [0, 0, 0], [0, 0, 0], [0, 1], [0, 1, 0]]
score: 0.2
----------------------------------------------------------------
isp: [[0, 1, 1, 0, 0], [0, 1, 1], [1, 2, 1, 0, 0], [0, 1, 7], [0, 0, 3], [0, 3], [0, 3, 0]]
tc: [[0, 0, 0, 0, 0], [0, 0, 0], [0, 0, 0, 0, 0], [0, 0, 1], [0, 0, 0], [0, 1], [0, 1, 0]]
score: 0.20001
----------------------------------------------------------------
isp: [[0, 1, 1, 0, 0], [0, 1, 1], [1, 2, 1, 0, 0], [0, 1, 7], [0, 0, 3], [0, 3], [0, 3, 0]]
tc: [[0, 0, 0, 0, 0], [0, 0, 0], [0, 0, 0, 0, 0], [0, 0, 1], [0, 0, 0], [0, 1], [0, 1, 0]]
score: 0.20001
----------------------------------------------------------------
isp: [[0, 1, 1, 0, 0], [0, 1, 1], [1, 2, 1, 0, 0], [0, 1, 7], [0, 0, 3], [0, 3], [0, 3, 0]]
tc: [[0, 0, 0, 0, 0], [0, 0, 0], [0, 0, 0, 0, 0], [0, 0, 0], [0, 0, 0], [0, 1], [0, 1, 0]]
score: 0.2

