----------------------------------------------------------------
isp: [[1, 0, 0, 0, 0], [0, 1, 0], [1, 3, 0, 0, 0], [0, 0, 4], [0, 0, 2], [0, 2], [0, 2, 0]]
tc: [[0, 0, 0, 0, 0], [0, 0, 0], [3, 3, 0, 0, 0], [0, 0, 1], [0, 0, 1], [0, 1], [0, 1, 0]]
score: 14.221001
----------------------------------------------------------------
isp: [[1, 0, 0, 0, 0], [0, 1, 0], [1, 3, 0, 0, 0], [0, 0, 4], [0, 0, 2], [0, 2], [0, 2, 0]]
tc: [[0, 0, 0, 0, 0], [0, 0, 0], [0, 0, 0, 0, 0], [0, 0, 1], [0, 0, 1], [1, 0], [0, 1, 0]]
score: 102.01
----------------------------------------------------------------
isp: [[1, 0, 0, 0, 0], [0, 1, 0], [1, 3, 0, 0, 0], [0, 0, 4], [0, 0, 2], [0, 2], [0, 2, 0]]
tc: [[0, 0, 0, 0, 0], [0, 0, 0], [0, 0, 0, 0, 0], [0, 0, 1], [0, 0, 1], [1, 0], [0, 1, 0]]
score: 102.01
----------------------------------------------------------------
isp: [[1, 0, 0, 0, 0], [0, 1, 0], [1, 3, 0, 0, 0], [0, 0, 4], [0, 0, 2], [0, 2], [0, 2, 0]]
tc: [[0, 0, 0, 0, 0], [0, 0, 0], [0, 0, 0, 0, 0], [0, 0, 0], [0, 0, 0], [0, 1], [0, 1, 0]]
score: 2.0
----------------------------------------------------------------
isp: [[1, 0, 0, 0, 0], [0, 1, 0], [1, 3, 0, 0, 0], [0, 0, 4], [0, 0, 2], [0, 2], [0, 2, 0]]
tc: [[0, 0, 0, 0, 0], [0, 0, 0], [0, 0, 0, 0, 0], [0, 0, 0], [0, 0, 0], [0, 1], [0, 1, 0]]
score: 2.0
----------------------------------------------------------------
isp: [[1, 0, 0, 0, 0], [0, 1, 0], [1, 3, 0, 0, 0], [0, 0, 4], [0, 0, 2], [0, 2], [0, 2, 0]]
tc: [[0, 0, 0, 0, 0], [0, 0, 0], [0, 0, 0, 0, 0], [0, 0, 0], [0, 0, 0], [0, 1], [0, 1, 0]]
score: 2.0
----------------------------------------------------------------
isp: [[1, 0, 0, 0, 0], [0, 1, 0], [1, 3, 0, 0, 0], [0, 0, 4], [0, 0, 2], [0, 2], [0, 2, 0]]
tc: [[0, 0, 0, 0, 0], [0, 0, 0], [0, 0, 0, 0, 0], [0, 0, 0], [0, 0, 0], [0, 1], [0, 1, 0]]
score: 2.0
----------------------------------------------------------------
isp: [[1, 0, 0, 0, 0], [0, 1, 0], [1, 3, 0, 0, 0], [0, 0, 4], [0, 0, 2], [0, 2], [0, 2, 0]]
tc: [[0, 0, 0, 0, 0], [0, 0, 0], [0, 0, 0, 0, 0], [0, 0, 1], [0, 0, 0], [0, 1], [0, 1, 0]]
score: 2.01
----------------------------------------------------------------
isp: [[1, 0, 0, 0, 0], [0, 1, 0], [1, 3, 0, 0, 0], [0, 0, 4], [0, 0, 2], [0, 2], [0, 2, 0]]
tc: [[0, 0, 0, 0, 0], [0, 0, 0], [0, 0, 0, 0, 0], [0, 0, 2], [0, 0, 1], [1, 0], [0, 1, 0]]
score: 102.011
----------------------------------------------------------------
isp: [[1, 0, 0, 0, 0], [0, 1, 0], [1, 3, 0, 0, 0], [0, 0, 4], [0, 0, 2], [0, 2], [0, 2, 0]]
tc: [[0, 0, 0, 0, 0], [0, 0, 0], [0, 0, 0, 0, 0], [0, 0, 0], [0, 0, 0], [0, 1], [0, 1, 0]]
score: 2.0

