----------------------------------------------------------------
isp: [[0, 0, 0, 0, 0], [0, 0, 0], [3, 1, 0, 0, 0], [0, 0, 3], [0, 0, 3], [0, 2], [0, 2, 0]]
tc: [[0, 0, 0, 0, 0], [0, 0, 0], [0, 0, 0, 0, 0], [0, 0, 0], [0, 0, 0], [0, 1], [0, 1, 0]]
score: 2.0
----------------------------------------------------------------
isp: [[0, 0, 0, 0, 0], [0, 0, 0], [3, 1, 0, 0, 0], [0, 0, 3], [0, 0, 3], [0, 2], [0, 2, 0]]
tc: [[0, 0, 0, 0, 0], [0, 0, 0], [0, 0, 0, 0, 0], [0, 0, 0], [0, 0, 0], [0, 1], [0, 1, 0]]
score: 2.0
----------------------------------------------------------------
isp: [[0, 0, 0, 0, 0], [0, 0, 0], [3, 1, 0, 0, 0], [0, 0, 3], [0, 0, 3], [0, 2], [0, 2, 0]]
tc: [[0, 0, 0, 0, 0], [0, 0, 0], [0, 0, 0, 0, 0], [0, 0, 1], [0, 0, 0], [0, 1], [0, 1, 0]]
score: 2.1
----------------------------------------------------------------
isp: [[0, 0, 0, 0, 0], [0, 0, 0], [3, 1, 0, 0, 0], [0, 0, 3], [0, 0, 3], [0, 2], [0, 2, 0]]
tc: [[0, 0, 0, 0, 0], [0, 0, 0], [0, 0, 0, 0, 0], [0, 0, 1], [0, 0, 1], [1, 0], [0, 1, 0]]
score: 101.2
----------------------------------------------------------------
isp: [[0, 0, 0, 0, 0], [0, 0, 0], [3, 1, 0, 0, 0], [0, 0, 3], [0, 0, 3], [0, 2], [0, 2, 0]]
tc: [[0, 0, 0, 0, 0], [0, 0, 0], [0, 0, 0, 0, 0], [0, 0, 4], [0, 0, 2], [0, 1], [0, 0, 1]]
score: 101.2211
----------------------------------------------------------------
isp: [[0, 0, 0, 0, 0], [0, 0, 0], [3, 1, 0, 0, 0], [0, 0, 3], [0, 0, 3], [0, 2], [0, 2, 0]]
tc: [[0, 0, 0, 0, 0], [0, 0, 0], [0, 0, 0, 0, 0], [0, 0, 1], [0, 0, 1], [0, 1], [0, 1, 0]]
score: 2.2
----------------------------------------------------------------
isp: [[0, 0, 0, 0, 0], [0, 0, 0], [3, 1, 0, 0, 0], [0, 0, 3], [0, 0, 3], [0, 2], [0, 2, 0]]
tc: [[0, 0, 0, 0, 0], [0, 0, 0], [0, 0, 0, 0, 0], [0, 0, 0], [0, 0, 0], [0, 1], [0, 1, 0]]
score: 2.0
----------------------------------------------------------------
isp: [[0, 0, 0, 0, 0], [0, 0, 0], [3, 1, 0, 0, 0], [0, 0, 3], [0, 0, 3], [0, 2], [0, 2, 0]]
tc: [[0, 0, 0, 0, 0], [0, 0, 0], [0, 2, 0, 0, 0], [0, 0, 1], [0, 0, 0], [0, 1], [0, 1, 0]]
score: 13.1
----------------------------------------------------------------
isp: [[0, 0, 0, 0, 0], [0, 0, 0], [3, 1, 0, 0, 0], [0, 0, 3], [0, 0, 3], [0, 2], [0, 2, 0]]
tc: [[0, 0, 0, 0, 0], [0, 0, 0], [0, 0, 0, 0, 0], [0, 0, 1], [0, 0, 1], [1, 0], [0, 1, 0]]
score: 101.2
----------------------------------------------------------------
isp: [[0, 0, 0, 0, 0], [0, 0, 0], [3, 1, 0, 0, 0], [0, 0, 3], [0, 0, 3], [0, 2], [0, 2, 0]]
tc: [[0, 0, 0, 0, 0], [0, 0, 0], [1, 1, 0, 0, 0], [0, 0, 1], [0, 0, 1], [0, 1], [0, 1, 0]]
score: 12.300001

