----------------------------------------------------------------
isp: []
tc: [[0, 0, 0, 0, 0], [0, 0, 0], [0, 0, 0, 0, 0], [0, 0, 3], [0, 0, 1], [1, 0], [0, 1, 0]]
score: 411.0
----------------------------------------------------------------
isp: []
tc: [[0, 0, 0, 0, 0], [0, 0, 0], [0, 0, 0, 0, 0], [0, 0, 0], [0, 0, 0], [0, 1], [0, 1, 0]]
score: 200.0
----------------------------------------------------------------
isp: []
tc: [[0, 0, 0, 0, 0], [0, 0, 0], [0, 0, 0, 0, 0], [0, 0, 1], [0, 0, 0], [0, 1], [0, 1, 0]]
score: 300.0
----------------------------------------------------------------
isp: []
tc: [[0, 0, 0, 0, 0], [0, 0, 0], [0, 2, 0, 0, 0], [0, 0, 2], [0, 0, 1], [0, 1], [0, 1, 0]]
score: 520.0
----------------------------------------------------------------
isp: []
tc: [[0, 1, 0, 0, 0], [0, 0, 1], [0, 1, 0, 0, 0], [0, 0, 2], [0, 0, 0], [0, 1], [0, 1, 0]]
score: 610.0
----------------------------------------------------------------
isp: []
tc: [[0, 0, 0, 0, 0], [0, 0, 0], [0, 0, 0, 0, 0], [0, 0, 2], [0, 0, 0], [0, 1], [0, 1, 0]]
score: 310.0
----------------------------------------------------------------
isp: []
tc: [[1, 0, 0, 0, 0], [0, 1, 0], [0, 0, 1, 0, 0], [1, 0, 1], [0, 1, 1], [0, 1], [0, 1, 0]]
score: 900.0
----------------------------------------------------------------
isp: []
tc: [[0, 0, 0, 0, 0], [0, 0, 0], [0, 1, 0, 0, 0], [0, 0, 1], [0, 0, 0], [0, 1], [0, 1, 0]]
score: 400.0
----------------------------------------------------------------
isp: []
tc: [[0, 0, 0, 0, 0], [0, 0, 0], [1, 1, 0, 0, 0], [0, 0, 2], [0, 0, 2], [0, 1], [0, 1, 0]]
score: 620.0
----------------------------------------------------------------
isp: []
tc: [[0, 0, 0, 0, 0], [0, 0, 0], [0, 0, 0, 0, 0], [0, 0, 5], [0, 0, 2], [1, 0], [0, 1, 0]]
score: 421.11

