----------------------------------------------------------------
isp: [[1, 0, 0, 0, 0], [0, 1, 0], [0, 0, 1, 0, 0], [1, 0, 1], [0, 1, 1], [0, 1], [0, 1, 0]]
tc: [[0, 0, 0, 0, 0], [0, 0, 0], [0, 0, 0, 0, 0], [0, 0, 1], [0, 0, 0], [0, 1], [0, 1, 0]]
score: 30.0
----------------------------------------------------------------
isp: [[1, 0, 0, 0, 0], [0, 1, 0], [0, 0, 1, 0, 0], [1, 0, 1], [0, 1, 1], [0, 1], [0, 1, 0]]
tc: [[0, 0, 0, 0, 0], [0, 0, 0], [0, 0, 0, 0, 0], [0, 0, 0], [0, 0, 0], [0, 1], [0, 1, 0]]
score: 20.0
----------------------------------------------------------------
isp: [[1, 0, 0, 0, 0], [0, 1, 0], [0, 0, 1, 0, 0], [1, 0, 1], [0, 1, 1], [0, 1], [0, 1, 0]]
tc: [[0, 0, 0, 0, 0], [0, 0, 0], [0, 0, 0, 0, 0], [0, 0, 2], [0, 0, 0], [0, 1], [1, 0, 0]]
score: 121.0
----------------------------------------------------------------
isp: [[1, 0, 0, 0, 0], [0, 1, 0], [0, 0, 1, 0, 0], [1, 0, 1], [0, 1, 1], [0, 1], [0, 1, 0]]
tc: [[0, 0, 0, 0, 0], [0, 0, 0], [0, 0, 0, 0, 0], [0, 0, 1], [0, 0, 0], [0, 1], [0, 1, 0]]
score: 30.0
----------------------------------------------------------------
isp: [[1, 0, 0, 0, 0], [0, 1, 0], [0, 0, 1, 0, 0], [1, 0, 1], [0, 1, 1], [0, 1], [0, 1, 0]]
tc: [[0, 0, 0, 0, 0], [0, 0, 0], [0, 0, 0, 0, 0], [0, 0, 1], [0, 0, 1], [0, 1], [0, 1, 0]]
score: 40.0
----------------------------------------------------------------
isp: [[1, 0, 0, 0, 0], [0, 1, 0], [0, 0, 1, 0, 0], [1, 0, 1], [0, 1, 1], [0, 1], [0, 1, 0]]
tc: [[0, 0, 0, 0, 0], [0, 0, 0], [0, 0, 0, 0, 0], [0, 0, 3], [0, 0, 0], [0, 1], [0, 1, 0]]
score: 31.1
----------------------------------------------------------------
isp: [[1, 0, 0, 0, 0], [0, 1, 0], [0, 0, 1, 0, 0], [1, 0, 1], [0, 1, 1], [0, 1], [0, 1, 0]]
tc: [[0, 0, 0, 0, 0], [0, 0, 0], [1, 2, 0, 0, 0], [0, 0, 3], [0, 0, 2], [0, 1], [1, 0, 0]]
score: 342.1
----------------------------------------------------------------
isp: [[1, 0, 0, 0, 0], [0, 1, 0], [0, 0, 1, 0, 0], [1, 0, 1], [0, 1, 1], [0, 1], [0, 1, 0]]
tc: [[0, 0, 0, 0, 0], [0, 0, 0], [0, 0, 0, 0, 0], [0, 0, 2], [0, 0, 1], [0, 1], [0, 1, 0]]
score: 41.0
----------------------------------------------------------------
isp: [[1, 0, 0, 0, 0], [0, 1, 0], [0, 0, 1, 0, 0], [1, 0, 1], [0, 1, 1], [0, 1], [0, 1, 0]]
tc: [[0, 0, 0, 0, 0], [0, 0, 0], [0, 0, 0, 0, 0], [0, 0, 2], [0, 0, 2], [0, 1], [0, 1, 0]]
score: 42.0
----------------------------------------------------------------
isp: [[1, 0, 0, 0, 0], [0, 1, 0], [0, 0, 1, 0, 0], [1, 0, 1], [0, 1, 1], [0, 1], [0, 1, 0]]
tc: [[0, 0, 0, 0, 0], [0, 0, 0], [1, 1, 0, 0, 0], [0, 0, 2], [0, 0, 1], [0, 1], [0, 1, 0]]
score: 241.0

