----------------------------------------------------------------
isp: [[1, 0, 0, 0, 0], [0, 1, 0], [1, 2, 1, 0, 0], [1, 0, 4], [0, 1, 3], [0, 2], [1, 1, 0]]
tc: [[0, 0, 0, 0, 0], [0, 0, 0], [0, 0, 0, 0, 0], [0, 0, 1], [0, 0, 0], [0, 1], [0, 1, 0]]
score: 11.01
----------------------------------------------------------------
isp: [[1, 0, 0, 0, 0], [0, 1, 0], [1, 2, 1, 0, 0], [1, 0, 4], [0, 1, 3], [0, 2], [1, 1, 0]]
tc: [[0, 0, 0, 0, 0], [0, 0, 0], [0, 2, 0, 0, 0], [0, 0, 2], [0, 0, 1], [1, 0], [0, 1, 0]]
score: 111.211
----------------------------------------------------------------
isp: [[1, 0, 0, 0, 0], [0, 1, 0], [1, 2, 1, 0, 0], [1, 0, 4], [0, 1, 3], [0, 2], [1, 1, 0]]
tc: [[0, 0, 0, 0, 0], [0, 0, 0], [0, 3, 0, 0, 0], [0, 0, 1], [0, 0, 0], [0, 1], [0, 1, 0]]
score: 12.12
----------------------------------------------------------------
isp: [[1, 0, 0, 0, 0], [0, 1, 0], [1, 2, 1, 0, 0], [1, 0, 4], [0, 1, 3], [0, 2], [1, 1, 0]]
tc: [[0, 0, 0, 0, 0], [0, 0, 0], [0, 0, 0, 0, 0], [0, 0, 0], [0, 0, 0], [0, 1], [0, 1, 0]]
score: 11.0
----------------------------------------------------------------
isp: [[1, 0, 0, 0, 0], [0, 1, 0], [1, 2, 1, 0, 0], [1, 0, 4], [0, 1, 3], [0, 2], [1, 1, 0]]
tc: [[0, 0, 0, 0, 0], [0, 0, 0], [0, 0, 0, 0, 0], [0, 0, 1], [0, 0, 0], [0, 1], [0, 1, 0]]
score: 11.01
----------------------------------------------------------------
isp: [[1, 0, 0, 0, 0], [0, 1, 0], [1, 2, 1, 0, 0], [1, 0, 4], [0, 1, 3], [0, 2], [1, 1, 0]]
tc: [[0, 0, 0, 0, 0], [0, 0, 0], [1, 1, 0, 0, 0], [0, 0, 1], [0, 0, 0], [0, 1], [0, 1, 0]]
score: 22.01
----------------------------------------------------------------
isp: [[1, 0, 0, 0, 0], [0, 1, 0], [1, 2, 1, 0, 0], [1, 0, 4], [0, 1, 3], [0, 2], [1, 1, 0]]
tc: [[0, 0, 0, 0, 0], [0, 0, 0], [0, 0, 0, 0, 0], [0, 0, 0], [0, 0, 0], [0, 1], [0, 1, 0]]
score: 11.0
----------------------------------------------------------------
isp: [[1, 0, 0, 0, 0], [0, 1, 0], [1, 2, 1, 0, 0], [1, 0, 4], [0, 1, 3], [0, 2], [1, 1, 0]]
tc: [[0, 0, 0, 0, 0], [0, 0, 0], [0, 0, 0, 0, 0], [0, 0, 3], [0, 0, 1], [0, 1], [1, 0, 0]]
score: 11.1111
----------------------------------------------------------------
isp: [[1, 0, 0, 0, 0], [0, 1, 0], [1, 2, 1, 0, 0], [1, 0, 4], [0, 1, 3], [0, 2], [1, 1, 0]]
tc: [[0, 0, 0, 0, 0], [0, 0, 0], [0, 0, 0, 0, 0], [0, 0, 0], [0, 0, 0], [0, 1], [0, 1, 0]]
score: 11.0
----------------------------------------------------------------
isp: [[1, 0, 0, 0, 0], [0, 1, 0], [1, 2, 1, 0, 0], [1, 0, 4], [0, 1, 3], [0, 2], [1, 1, 0]]
tc: [[0, 0, 0, 0, 0], [0, 0, 0], [0, 0, 0, 0, 0], [0, 0, 0], [0, 0, 0], [0, 1], [0, 1, 0]]
score: 11.0

