----------------------------------------------------------------
isp: [[0, 0, 0, 0, 1], [0, 1, 0], [0, 0, 0, 1, 0], [0, 1, 1], [0, 0, 0], [0, 1], [0, 1, 0]]
tc: [[0, 0, 0, 0, 0], [0, 0, 0], [0, 3, 0, 0, 0], [0, 0, 1], [0, 0, 0], [0, 1], [0, 1, 0]]
score: 141.0
----------------------------------------------------------------
isp: [[0, 0, 0, 0, 1], [0, 1, 0], [0, 0, 0, 1, 0], [0, 1, 1], [0, 0, 0], [0, 1], [0, 1, 0]]
tc: [[0, 0, 0, 0, 0], [0, 0, 0], [0, 0, 0, 0, 0], [0, 0, 2], [0, 0, 0], [1, 0], [0, 1, 0]]
score: 121.0
----------------------------------------------------------------
isp: [[0, 0, 0, 0, 1], [0, 1, 0], [0, 0, 0, 1, 0], [0, 1, 1], [0, 0, 0], [0, 1], [0, 1, 0]]
tc: [[0, 0, 1, 0, 0], [0, 1, 0], [0, 0, 0, 0, 0], [0, 0, 2], [0, 0, 1], [0, 1], [0, 1, 0]]
score: 241.0
----------------------------------------------------------------
isp: [[0, 0, 0, 0, 1], [0, 1, 0], [0, 0, 0, 1, 0], [0, 1, 1], [0, 0, 0], [0, 1], [0, 1, 0]]
tc: [[0, 0, 0, 0, 0], [0, 0, 0], [0, 0, 0, 0, 0], [0, 0, 2], [0, 0, 1], [0, 1], [0, 1, 0]]
score: 131.0
----------------------------------------------------------------
isp: [[0, 0, 0, 0, 1], [0, 1, 0], [0, 0, 0, 1, 0], [0, 1, 1], [0, 0, 0], [0, 1], [0, 1, 0]]
tc: [[0, 0, 0, 0, 0], [0, 0, 0], [0, 0, 0, 0, 0], [0, 0, 1], [0, 0, 1], [0, 1], [0, 1, 0]]
score: 130.0
----------------------------------------------------------------
isp: [[0, 0, 0, 0, 1], [0, 1, 0], [0, 0, 0, 1, 0], [0, 1, 1], [0, 0, 0], [0, 1], [0, 1, 0]]
tc: [[0, 0, 0, 0, 0], [0, 0, 0], [0, 0, 0, 0, 0], [0, 0, 0], [0, 0, 0], [0, 1], [0, 1, 0]]
score: 20.0
----------------------------------------------------------------
isp: [[0, 0, 0, 0, 1], [0, 1, 0], [0, 0, 0, 1, 0], [0, 1, 1], [0, 0, 0], [0, 1], [0, 1, 0]]
tc: [[0, 0, 0, 0, 0], [0, 0, 0], [0, 1, 0, 0, 0], [0, 0, 2], [0, 0, 2], [1, 0], [0, 1, 0]]
score: 331.0
----------------------------------------------------------------
isp: [[0, 0, 0, 0, 1], [0, 1, 0], [0, 0, 0, 1, 0], [0, 1, 1], [0, 0, 0], [0, 1], [0, 1, 0]]
tc: [[0, 0, 0, 0, 0], [0, 0, 0], [0, 0, 0, 0, 0], [0, 0, 0], [0, 0, 0], [0, 1], [0, 1, 0]]
score: 20.0
----------------------------------------------------------------
isp: [[0, 0, 0, 0, 1], [0, 1, 0], [0, 0, 0, 1, 0], [0, 1, 1], [0, 0, 0], [0, 1], [0, 1, 0]]
tc: [[0, 0, 0, 0, 0], [0, 0, 0], [0, 0, 0, 0, 0], [0, 0, 0], [0, 0, 0], [0, 1], [0, 1, 0]]
score: 20.0
----------------------------------------------------------------
isp: [[0, 0, 0, 0, 1], [0, 1, 0], [0, 0, 0, 1, 0], [0, 1, 1], [0, 0, 0], [0, 1], [0, 1, 0]]
tc: [[0, 0, 0, 0, 0], [0, 0, 0], [0, 0, 0, 0, 0], [0, 0, 1], [0, 0, 1], [0, 1], [0, 1, 0]]
score: 130.0

