----------------------------------------------------------------
isp: [[0, 1, 0, 0, 0], [0, 0, 1], [0, 1, 0, 0, 0], [0, 0, 4], [0, 0, 3], [0, 2], [0, 2, 0]]
tc: [[0, 0, 0, 0, 0], [0, 0, 0], [1, 0, 0, 0, 0], [0, 0, 3], [0, 0, 3], [0, 1], [0, 0, 1]]
score: 201.1221
----------------------------------------------------------------
isp: [[0, 1, 0, 0, 0], [0, 0, 1], [0, 1, 0, 0, 0], [0, 0, 4], [0, 0, 3], [0, 2], [0, 2, 0]]
tc: [[0, 0, 0, 0, 0], [0, 0, 0], [0, 0, 0, 0, 0], [0, 0, 0], [0, 0, 0], [0, 1], [0, 1, 0]]
score: 2.0
----------------------------------------------------------------
isp: [[0, 1, 0, 0, 0], [0, 0, 1], [0, 1, 0, 0, 0], [0, 0, 4], [0, 0, 3], [0, 2], [0, 2, 0]]
tc: [[0, 0, 0, 0, 0], [0, 0, 0], [0, 0, 0, 0, 0], [0, 0, 0], [0, 0, 0], [0, 1], [0, 1, 0]]
score: 2.0
----------------------------------------------------------------
isp: [[0, 1, 0, 0, 0], [0, 0, 1], [0, 1, 0, 0, 0], [0, 0, 4], [0, 0, 3], [0, 2], [0, 2, 0]]
tc: [[0, 0, 0, 0, 0], [0, 0, 0], [0, 0, 0, 0, 0], [0, 0, 1], [0, 0, 1], [0, 1], [0, 1, 0]]
score: 2.1100001
----------------------------------------------------------------
isp: [[0, 1, 0, 0, 0], [0, 0, 1], [0, 1, 0, 0, 0], [0, 0, 4], [0, 0, 3], [0, 2], [0, 2, 0]]
tc: [[0, 0, 0, 0, 0], [0, 0, 0], [0, 0, 0, 0, 0], [0, 0, 0], [0, 0, 0], [0, 1], [0, 1, 0]]
score: 2.0
----------------------------------------------------------------
isp: [[0, 1, 0, 0, 0], [0, 0, 1], [0, 1, 0, 0, 0], [0, 0, 4], [0, 0, 3], [0, 2], [0, 2, 0]]
tc: [[0, 0, 0, 0, 0], [0, 0, 0], [0, 2, 0, 0, 0], [0, 0, 1], [0, 0, 0], [0, 1], [0, 1, 0]]
score: 13.01
----------------------------------------------------------------
isp: [[0, 1, 0, 0, 0], [0, 0, 1], [0, 1, 0, 0, 0], [0, 0, 4], [0, 0, 3], [0, 2], [0, 2, 0]]
tc: [[0, 0, 0, 0, 0], [0, 0, 0], [0, 0, 0, 0, 0], [0, 0, 1], [0, 0, 0], [0, 1], [0, 1, 0]]
score: 2.01
----------------------------------------------------------------
isp: [[0, 1, 0, 0, 0], [0, 0, 1], [0, 1, 0, 0, 0], [0, 0, 4], [0, 0, 3], [0, 2], [0, 2, 0]]
tc: [[0, 0, 0, 0, 0], [0, 0, 0], [0, 0, 0, 0, 0], [0, 0, 1], [0, 0, 1], [0, 1], [0, 1, 0]]
score: 2.1100001
----------------------------------------------------------------
isp: [[0, 1, 0, 0, 0], [0, 0, 1], [0, 1, 0, 0, 0], [0, 0, 4], [0, 0, 3], [0, 2], [0, 2, 0]]
tc: [[0, 0, 0, 0, 0], [0, 0, 0], [0, 0, 0, 0, 0], [0, 0, 1], [0, 0, 1], [0, 1], [0, 0, 1]]
score: 101.11
----------------------------------------------------------------
isp: [[0, 1, 0, 0, 0], [0, 0, 1], [0, 1, 0, 0, 0], [0, 0, 4], [0, 0, 3], [0, 2], [0, 2, 0]]
tc: [[0, 0, 0, 0, 0], [0, 0, 0], [1, 1, 0, 0, 0], [0, 0, 2], [0, 0, 1], [0, 1], [0, 0, 1]]
score: 211.111

