----------------------------------------------------------------
isp: [[0, 1, 0, 0, 0], [0, 0, 1], [1, 2, 0, 0, 0], [0, 0, 6], [0, 0, 4], [0, 3], [0, 2, 1]]
tc: [[0, 0, 0, 0, 0], [0, 0, 0], [0, 0, 0, 0, 0], [0, 0, 1], [0, 0, 0], [0, 1], [0, 1, 0]]
score: 1.1001
----------------------------------------------------------------
isp: [[0, 1, 0, 0, 0], [0, 0, 1], [1, 2, 0, 0, 0], [0, 0, 6], [0, 0, 4], [0, 3], [0, 2, 1]]
tc: [[0, 0, 0, 0, 0], [0, 0, 0], [0, 0, 0, 0, 0], [0, 0, 0], [0, 0, 0], [0, 1], [0, 1, 0]]
score: 1.1
----------------------------------------------------------------
isp: [[0, 1, 0, 0, 0], [0, 0, 1], [1, 2, 0, 0, 0], [0, 0, 6], [0, 0, 4], [0, 3], [0, 2, 1]]
tc: [[0, 0, 0, 0, 0], [0, 0, 0], [0, 0, 0, 0, 0], [0, 0, 1], [0, 0, 1], [0, 1], [0, 1, 0]]
score: 1.1101
----------------------------------------------------------------
isp: [[0, 1, 0, 0, 0], [0, 0, 1], [1, 2, 0, 0, 0], [0, 0, 6], [0, 0, 4], [0, 3], [0, 2, 1]]
tc: [[0, 0, 0, 0, 0], [0, 0, 0], [0, 0, 0, 0, 0], [0, 0, 1], [0, 0, 0], [1, 0], [0, 1, 0]]
score: 101.0001
----------------------------------------------------------------
isp: [[0, 1, 0, 0, 0], [0, 0, 1], [1, 2, 0, 0, 0], [0, 0, 6], [0, 0, 4], [0, 3], [0, 2, 1]]
tc: [[0, 0, 0, 0, 0], [0, 0, 0], [0, 0, 0, 0, 0], [0, 0, 0], [0, 0, 0], [0, 1], [0, 1, 0]]
score: 1.1
----------------------------------------------------------------
isp: [[0, 1, 0, 0, 0], [0, 0, 1], [1, 2, 0, 0, 0], [0, 0, 6], [0, 0, 4], [0, 3], [0, 2, 1]]
tc: [[0, 0, 0, 0, 0], [0, 0, 0], [0, 0, 0, 0, 0], [0, 0, 1], [0, 0, 1], [1, 0], [0, 1, 0]]
score: 101.0101
----------------------------------------------------------------
isp: [[0, 1, 0, 0, 0], [0, 0, 1], [1, 2, 0, 0, 0], [0, 0, 6], [0, 0, 4], [0, 3], [0, 2, 1]]
tc: [[0, 1, 0, 0, 0], [0, 0, 1], [1, 1, 0, 0, 0], [0, 0, 3], [0, 0, 1], [0, 1], [0, 1, 0]]
score: 32.11011
----------------------------------------------------------------
isp: [[0, 1, 0, 0, 0], [0, 0, 1], [1, 2, 0, 0, 0], [0, 0, 6], [0, 0, 4], [0, 3], [0, 2, 1]]
tc: [[0, 0, 0, 0, 0], [0, 0, 0], [0, 0, 0, 0, 0], [0, 0, 0], [0, 0, 0], [0, 1], [0, 1, 0]]
score: 1.1
----------------------------------------------------------------
isp: [[0, 1, 0, 0, 0], [0, 0, 1], [1, 2, 0, 0, 0], [0, 0, 6], [0, 0, 4], [0, 3], [0, 2, 1]]
tc: [[0, 0, 0, 0, 0], [0, 0, 0], [0, 0, 0, 0, 0], [0, 0, 1], [0, 0, 0], [0, 1], [0, 1, 0]]
score: 1.1001
----------------------------------------------------------------
isp: [[0, 1, 0, 0, 0], [0, 0, 1], [1, 2, 0, 0, 0], [0, 0, 6], [0, 0, 4], [0, 3], [0, 2, 1]]
tc: [[0, 0, 0, 0, 0], [0, 0, 0], [0, 0, 0, 0, 0], [0, 0, 1], [0, 0, 0], [0, 1], [0, 1, 0]]
score: 1.1001

