----------------------------------------------------------------
isp: [[0, 0, 0, 0, 1], [0, 1, 0], [0, 0, 0, 0, 0], [0, 0, 2], [0, 0, 1], [0, 1], [0, 1, 0]]
tc: [[0, 0, 0, 0, 0], [0, 0, 0], [1, 3, 0, 0, 0], [0, 0, 1], [0, 0, 1], [0, 1], [0, 1, 0]]
score: 242.0
----------------------------------------------------------------
isp: [[0, 0, 0, 0, 1], [0, 1, 0], [0, 0, 0, 0, 0], [0, 0, 2], [0, 0, 1], [0, 1], [0, 1, 0]]
tc: [[0, 0, 0, 0, 0], [0, 0, 0], [1, 0, 0, 0, 0], [0, 0, 1], [0, 0, 1], [0, 1], [0, 1, 0]]
score: 131.0
----------------------------------------------------------------
isp: [[0, 0, 0, 0, 1], [0, 1, 0], [0, 0, 0, 0, 0], [0, 0, 2], [0, 0, 1], [0, 1], [0, 1, 0]]
tc: [[0, 0, 0, 0, 0], [0, 0, 0], [0, 0, 0, 0, 0], [0, 0, 0], [0, 0, 0], [0, 1], [0, 1, 0]]
score: 20.0
----------------------------------------------------------------
isp: [[0, 0, 0, 0, 1], [0, 1, 0], [0, 0, 0, 0, 0], [0, 0, 2], [0, 0, 1], [0, 1], [0, 1, 0]]
tc: [[0, 0, 0, 0, 0], [0, 0, 0], [0, 0, 0, 0, 0], [0, 0, 2], [0, 0, 2], [1, 0], [0, 1, 0]]
score: 122.1
----------------------------------------------------------------
isp: [[0, 0, 0, 0, 1], [0, 1, 0], [0, 0, 0, 0, 0], [0, 0, 2], [0, 0, 1], [0, 1], [0, 1, 0]]
tc: [[0, 0, 0, 0, 0], [0, 0, 0], [0, 0, 0, 0, 0], [0, 0, 2], [0, 0, 2], [0, 1], [0, 1, 0]]
score: 32.1
----------------------------------------------------------------
isp: [[0, 0, 0, 0, 1], [0, 1, 0], [0, 0, 0, 0, 0], [0, 0, 2], [0, 0, 1], [0, 1], [0, 1, 0]]
tc: [[0, 0, 0, 0, 0], [0, 0, 0], [1, 0, 0, 0, 0], [0, 0, 2], [0, 0, 0], [0, 1], [0, 1, 0]]
score: 121.1
----------------------------------------------------------------
isp: [[0, 0, 0, 0, 1], [0, 1, 0], [0, 0, 0, 0, 0], [0, 0, 2], [0, 0, 1], [0, 1], [0, 1, 0]]
tc: [[0, 0, 0, 0, 0], [0, 0, 0], [0, 0, 0, 0, 0], [0, 0, 1], [0, 0, 0], [0, 1], [0, 1, 0]]
score: 21.0
----------------------------------------------------------------
isp: [[0, 0, 0, 0, 1], [0, 1, 0], [0, 0, 0, 0, 0], [0, 0, 2], [0, 0, 1], [0, 1], [0, 1, 0]]
tc: [[0, 0, 0, 0, 0], [0, 0, 0], [0, 0, 0, 0, 0], [0, 0, 0], [0, 0, 0], [0, 1], [0, 1, 0]]
score: 20.0
----------------------------------------------------------------
isp: [[0, 0, 0, 0, 1], [0, 1, 0], [0, 0, 0, 0, 0], [0, 0, 2], [0, 0, 1], [0, 1], [0, 1, 0]]
tc: [[0, 0, 0, 0, 0], [0, 0, 0], [0, 0, 0, 0, 0], [0, 0, 0], [0, 0, 0], [0, 1], [0, 1, 0]]
score: 20.0
----------------------------------------------------------------
isp: [[0, 0, 0, 0, 1], [0, 1, 0], [0, 0, 0, 0, 0], [0, 0, 2], [0, 0, 1], [0, 1], [0, 1, 0]]
tc: [[0, 0, 0, 0, 0], [0, 0, 0], [0, 0, 0, 0, 0], [0, 0, 4], [0, 0, 2], [0, 1], [0, 1, 0]]
score: 32.111

