----------------------------------------------------------------
isp: [[0, 0, 0, 0, 1], [0, 1, 0], [1, 3, 0, 0, 0], [0, 0, 3], [0, 0, 2], [0, 2], [0, 2, 0]]
tc: [[0, 0, 0, 0, 0], [0, 0, 0], [1, 1, 0, 0, 0], [0, 0, 2], [0, 0, 1], [1, 0], [0, 1, 0]]
score: 112.21
----------------------------------------------------------------
isp: [[0, 0, 0, 0, 1], [0, 1, 0], [1, 3, 0, 0, 0], [0, 0, 3], [0, 0, 2], [0, 2], [0, 2, 0]]
tc: [[0, 0, 0, 0, 0], [0, 0, 0], [0, 0, 0, 0, 0], [0, 0, 0], [0, 0, 0], [0, 1], [0, 1, 0]]
score: 2.0
----------------------------------------------------------------
isp: [[0, 0, 0, 0, 1], [0, 1, 0], [1, 3, 0, 0, 0], [0, 0, 3], [0, 0, 2], [0, 2], [0, 2, 0]]
tc: [[0, 0, 0, 0, 0], [0, 0, 0], [0, 0, 0, 0, 0], [0, 0, 3], [0, 0, 1], [0, 1], [0, 1, 0]]
score: 3.111
----------------------------------------------------------------
isp: [[0, 0, 0, 0, 1], [0, 1, 0], [1, 3, 0, 0, 0], [0, 0, 3], [0, 0, 2], [0, 2], [0, 2, 0]]
tc: [[0, 0, 0, 0, 0], [0, 0, 0], [0, 0, 0, 0, 0], [0, 0, 0], [0, 0, 0], [0, 1], [0, 1, 0]]
score: 2.0
----------------------------------------------------------------
isp: [[0, 0, 0, 0, 1], [0, 1, 0], [1, 3, 0, 0, 0], [0, 0, 3], [0, 0, 2], [0, 2], [0, 2, 0]]
tc: [[0, 0, 0, 0, 0], [0, 0, 0], [0, 0, 0, 0, 0], [0, 0, 0], [0, 0, 0], [0, 1], [0, 1, 0]]
score: 2.0
----------------------------------------------------------------
isp: [[0, 0, 0, 0, 1], [0, 1, 0], [1, 3, 0, 0, 0], [0, 0, 3], [0, 0, 2], [0, 2], [0, 2, 0]]
tc: [[0, 0, 0, 0, 0], [0, 0, 0], [0, 0, 0, 0, 0], [0, 0, 2], [0, 0, 0], [0, 1], [0, 1, 0]]
score: 2.1100001
----------------------------------------------------------------
isp: [[0, 0, 0, 0, 1], [0, 1, 0], [1, 3, 0, 0, 0], [0, 0, 3], [0, 0, 2], [0, 2], [0, 2, 0]]
tc: [[0, 0, 0, 0, 0], [0, 0, 0], [0, 0, 0, 0, 0], [0, 0, 1], [0, 0, 0], [0, 1], [0, 1, 0]]
score: 2.1
----------------------------------------------------------------
isp: [[0, 0, 0, 0, 1], [0, 1, 0], [1, 3, 0, 0, 0], [0, 0, 3], [0, 0, 2], [0, 2], [0, 2, 0]]
tc: [[0, 0, 0, 0, 0], [0, 0, 0], [0, 1, 0, 0, 0], [0, 0, 1], [0, 0, 0], [0, 1], [0, 1, 0]]
score: 2.2
----------------------------------------------------------------
isp: [[0, 0, 0, 0, 1], [0, 1, 0], [1, 3, 0, 0, 0], [0, 0, 3], [0, 0, 2], [0, 2], [0, 2, 0]]
tc: [[0, 0, 0, 0, 0], [0, 0, 0], [0, 2, 0, 0, 0], [0, 0, 2], [0, 0, 0], [0, 1], [0, 1, 0]]
score: 2.22
----------------------------------------------------------------
isp: [[0, 0, 0, 0, 1], [0, 1, 0], [1, 3, 0, 0, 0], [0, 0, 3], [0, 0, 2], [0, 2], [0, 2, 0]]
tc: [[0, 0, 0, 0, 0], [0, 0, 0], [0, 0, 0, 0, 0], [0, 0, 1], [0, 0, 0], [0, 1], [0, 1, 0]]
score: 2.1

