----------------------------------------------------------------
isp: [[1, 1, 0, 0, 0], [0, 1, 1], [0, 3, 1, 0, 0], [1, 0, 4], [0, 1, 2], [0, 3], [0, 3, 0]]
tc: [[0, 0, 0, 0, 0], [0, 0, 0], [0, 0, 0, 0, 0], [0, 0, 2], [0, 0, 1], [0, 1], [1, 0, 0]]
score: 101.111
----------------------------------------------------------------
isp: [[1, 1, 0, 0, 0], [0, 1, 1], [0, 3, 1, 0, 0], [1, 0, 4], [0, 1, 2], [0, 3], [0, 3, 0]]
tc: [[0, 1, 0, 0, 0], [0, 0, 1], [1, 0, 0, 0, 0], [0, 0, 3], [0, 0, 1], [0, 1], [0, 1, 0]]
score: 121.2111
----------------------------------------------------------------
isp: [[1, 1, 0, 0, 0], [0, 1, 1], [0, 3, 1, 0, 0], [1, 0, 4], [0, 1, 2], [0, 3], [0, 3, 0]]
tc: [[0, 0, 0, 0, 0], [0, 0, 0], [0, 1, 0, 0, 0], [0, 0, 2], [0, 0, 0], [0, 1], [0, 1, 0]]
score: 0.311
----------------------------------------------------------------
isp: [[1, 1, 0, 0, 0], [0, 1, 1], [0, 3, 1, 0, 0], [1, 0, 4], [0, 1, 2], [0, 3], [0, 3, 0]]
tc: [[0, 0, 0, 0, 0], [0, 0, 0], [0, 0, 0, 0, 0], [0, 0, 1], [0, 0, 0], [0, 1], [0, 1, 0]]
score: 0.21000001
----------------------------------------------------------------
isp: [[1, 1, 0, 0, 0], [0, 1, 1], [0, 3, 1, 0, 0], [1, 0, 4], [0, 1, 2], [0, 3], [0, 3, 0]]
tc: [[0, 0, 0, 0, 0], [0, 0, 0], [0, 0, 0, 0, 0], [0, 0, 3], [0, 0, 2], [1, 0], [1, 0, 0]]
score: 201.1111
----------------------------------------------------------------
isp: [[1, 1, 0, 0, 0], [0, 1, 1], [0, 3, 1, 0, 0], [1, 0, 4], [0, 1, 2], [0, 3], [0, 3, 0]]
tc: [[0, 0, 0, 0, 0], [0, 0, 0], [0, 2, 0, 0, 0], [0, 0, 1], [0, 0, 0], [0, 1], [0, 1, 0]]
score: 0.32
----------------------------------------------------------------
isp: [[1, 1, 0, 0, 0], [0, 1, 1], [0, 3, 1, 0, 0], [1, 0, 4], [0, 1, 2], [0, 3], [0, 3, 0]]
tc: [[0, 0, 0, 1, 0], [0, 0, 1], [3, 3, 0, 0, 0], [0, 0, 2], [0, 0, 1], [0, 1], [0, 1, 0]]
score: 222.322
----------------------------------------------------------------
isp: [[1, 1, 0, 0, 0], [0, 1, 1], [0, 3, 1, 0, 0], [1, 0, 4], [0, 1, 2], [0, 3], [0, 3, 0]]
tc: [[0, 0, 0, 0, 0], [0, 0, 0], [0, 0, 0, 0, 0], [0, 0, 3], [0, 0, 3], [1, 0], [0, 1, 0]]
score: 101.2211
----------------------------------------------------------------
isp: [[1, 1, 0, 0, 0], [0, 1, 1], [0, 3, 1, 0, 0], [1, 0, 4], [0, 1, 2], [0, 3], [0, 3, 0]]
tc: [[0, 0, 0, 0, 0], [0, 0, 0], [0, 0, 0, 0, 0], [0, 0, 2], [0, 0, 2], [0, 1], [0, 1, 0]]
score: 1.3110001
----------------------------------------------------------------
isp: [[1, 1, 0, 0, 0], [0, 1, 1], [0, 3, 1, 0, 0], [1, 0, 4], [0, 1, 2], [0, 3], [0, 3, 0]]
tc: [[0, 0, 0, 0, 0], [0, 0, 0], [0, 0, 0, 0, 0], [0, 0, 0], [0, 0, 0], [0, 1], [0, 1, 0]]
score: 0.2

