----------------------------------------------------------------
isp: [[1, 1, 0, 1, 0], [0, 1, 2], [3, 6, 1, 0, 0], [1, 0, 6], [0, 1, 3], [0, 4], [0, 4, 0]]
tc: [[0, 0, 0, 0, 0], [0, 0, 0], [0, 0, 0, 0, 0], [0, 0, 2], [0, 0, 1], [0, 1], [0, 1, 0]]
score: 0.12011
----------------------------------------------------------------
isp: [[1, 1, 0, 1, 0], [0, 1, 2], [3, 6, 1, 0, 0], [1, 0, 6], [0, 1, 3], [0, 4], [0, 4, 0]]
tc: [[0, 0, 0, 0, 0], [0, 0, 0], [1, 1, 0, 0, 0], [0, 0, 2], [0, 0, 2], [0, 1], [0, 1, 0]]
score: 0.23021
----------------------------------------------------------------
isp: [[1, 1, 0, 1, 0], [0, 1, 2], [3, 6, 1, 0, 0], [1, 0, 6], [0, 1, 3], [0, 4], [0, 4, 0]]
tc: [[0, 0, 0, 0, 0], [0, 0, 0], [0, 0, 0, 0, 0], [0, 0, 1], [0, 0, 0], [0, 1], [0, 1, 0]]
score: 0.0201
----------------------------------------------------------------
isp: [[1, 1, 0, 1, 0], [0, 1, 2], [3, 6, 1, 0, 0], [1, 0, 6], [0, 1, 3], [0, 4], [0, 4, 0]]
tc: [[0, 0, 0, 0, 0], [0, 0, 0], [0, 0, 0, 0, 0], [0, 0, 1], [0, 0, 1], [1, 0], [0, 1, 0]]
score: 100.1101
----------------------------------------------------------------
isp: [[1, 1, 0, 1, 0], [0, 1, 2], [3, 6, 1, 0, 0], [1, 0, 6], [0, 1, 3], [0, 4], [0, 4, 0]]
tc: [[0, 0, 0, 0, 0], [0, 0, 0], [0, 0, 0, 0, 0], [0, 0, 2], [0, 0, 1], [1, 0], [0, 1, 0]]
score: 100.110115
----------------------------------------------------------------
isp: [[1, 1, 0, 1, 0], [0, 1, 2], [3, 6, 1, 0, 0], [1, 0, 6], [0, 1, 3], [0, 4], [0, 4, 0]]
tc: [[0, 0, 0, 0, 0], [0, 0, 0], [0, 0, 0, 0, 0], [0, 0, 0], [0, 0, 0], [0, 1], [0, 1, 0]]
score: 0.02
----------------------------------------------------------------
isp: [[1, 1, 0, 1, 0], [0, 1, 2], [3, 6, 1, 0, 0], [1, 0, 6], [0, 1, 3], [0, 4], [0, 4, 0]]
tc: [[0, 0, 0, 0, 0], [0, 0, 0], [0, 0, 0, 0, 0], [0, 0, 0], [0, 0, 0], [0, 1], [0, 1, 0]]
score: 0.02
----------------------------------------------------------------
isp: [[1, 1, 0, 1, 0], [0, 1, 2], [3, 6, 1, 0, 0], [1, 0, 6], [0, 1, 3], [0, 4], [0, 4, 0]]
tc: [[0, 0, 0, 0, 0], [0, 0, 0], [0, 0, 0, 0, 0], [0, 0, 1], [0, 0, 0], [1, 0], [0, 1, 0]]
score: 100.0101
----------------------------------------------------------------
isp: [[1, 1, 0, 1, 0], [0, 1, 2], [3, 6, 1, 0, 0], [1, 0, 6], [0, 1, 3], [0, 4], [0, 4, 0]]
tc: [[0, 0, 0, 0, 0], [0, 0, 0], [0, 0, 0, 0, 0], [0, 0, 0], [0, 0, 0], [0, 1], [0, 1, 0]]
score: 0.02
----------------------------------------------------------------
isp: [[1, 1, 0, 1, 0], [0, 1, 2], [3, 6, 1, 0, 0], [1, 0, 6], [0, 1, 3], [0, 4], [0, 4, 0]]
tc: [[0, 0, 0, 0, 0], [0, 0, 0], [0, 0, 0, 0, 0], [0, 0, 0], [0, 0, 0], [0, 1], [0, 1, 0]]
score: 0.02

