----------------------------------------------------------------
isp: [[0, 1, 0, 0, 0], [0, 0, 1], [2, 0, 1, 0, 0], [1, 0, 1], [0, 1, 1], [0, 1], [0, 1, 0]]
tc: [[0, 0, 0, 0, 0], [0, 0, 0], [0, 0, 0, 0, 0], [0, 0, 0], [0, 0, 0], [0, 1], [0, 1, 0]]
score: 20.0
----------------------------------------------------------------
isp: [[0, 1, 0, 0, 0], [0, 0, 1], [2, 0, 1, 0, 0], [1, 0, 1], [0, 1, 1], [0, 1], [0, 1, 0]]
tc: [[0, 0, 0, 0, 0], [0, 0, 0], [0, 0, 0, 0, 0], [0, 0, 1], [0, 0, 0], [0, 1], [0, 1, 0]]
score: 30.0
----------------------------------------------------------------
isp: [[0, 1, 0, 0, 0], [0, 0, 1], [2, 0, 1, 0, 0], [1, 0, 1], [0, 1, 1], [0, 1], [0, 1, 0]]
tc: [[0, 0, 0, 0, 0], [0, 0, 0], [0, 0, 0, 0, 0], [0, 0, 1], [0, 0, 1], [0, 1], [0, 1, 0]]
score: 40.0
----------------------------------------------------------------
isp: [[0, 1, 0, 0, 0], [0, 0, 1], [2, 0, 1, 0, 0], [1, 0, 1], [0, 1, 1], [0, 1], [0, 1, 0]]
tc: [[0, 0, 0, 0, 0], [0, 0, 0], [0, 1, 0, 0, 0], [0, 0, 2], [0, 0, 2], [0, 1], [0, 1, 0]]
score: 142.0
----------------------------------------------------------------
isp: [[0, 1, 0, 0, 0], [0, 0, 1], [2, 0, 1, 0, 0], [1, 0, 1], [0, 1, 1], [0, 1], [0, 1, 0]]
tc: [[0, 0, 0, 0, 0], [0, 0, 0], [1, 2, 0, 0, 0], [0, 0, 1], [0, 0, 1], [0, 1], [0, 1, 0]]
score: 151.0
----------------------------------------------------------------
isp: [[0, 1, 0, 0, 0], [0, 0, 1], [2, 0, 1, 0, 0], [1, 0, 1], [0, 1, 1], [0, 1], [0, 1, 0]]
tc: [[0, 0, 0, 0, 0], [0, 0, 0], [0, 0, 0, 0, 0], [0, 0, 0], [0, 0, 0], [0, 1], [0, 1, 0]]
score: 20.0
----------------------------------------------------------------
isp: [[0, 1, 0, 0, 0], [0, 0, 1], [2, 0, 1, 0, 0], [1, 0, 1], [0, 1, 1], [0, 1], [0, 1, 0]]
tc: [[0, 0, 0, 0, 0], [0, 0, 0], [0, 0, 0, 0, 0], [0, 0, 0], [0, 0, 0], [0, 1], [0, 1, 0]]
score: 20.0
----------------------------------------------------------------
isp: [[0, 1, 0, 0, 0], [0, 0, 1], [2, 0, 1, 0, 0], [1, 0, 1], [0, 1, 1], [0, 1], [0, 1, 0]]
tc: [[0, 0, 0, 0, 0], [0, 0, 0], [0, 0, 0, 0, 0], [0, 0, 1], [0, 0, 0], [1, 0], [0, 1, 0]]
score: 120.0
----------------------------------------------------------------
isp: [[0, 1, 0, 0, 0], [0, 0, 1], [2, 0, 1, 0, 0], [1, 0, 1], [0, 1, 1], [0, 1], [0, 1, 0]]
tc: [[0, 0, 0, 0, 0], [0, 0, 0], [0, 0, 0, 0, 0], [0, 0, 1], [0, 0, 0], [1, 0], [0, 1, 0]]
score: 120.0
----------------------------------------------------------------
isp: [[0, 1, 0, 0, 0], [0, 0, 1], [2, 0, 1, 0, 0], [1, 0, 1], [0, 1, 1], [0, 1], [0, 1, 0]]
tc: [[0, 0, 0, 0, 0], [0, 0, 0], [0, 0, 0, 0, 0], [0, 0, 2], [0, 0, 1], [0, 1], [0, 1, 0]]
score: 41.0

