----------------------------------------------------------------
isp: [[0, 1, 0, 0, 0], [0, 0, 1], [3, 2, 1, 0, 0], [1, 0, 2], [0, 1, 2], [0, 2], [0, 2, 0]]
tc: [[0, 0, 0, 0, 0], [0, 0, 0], [0, 0, 0, 0, 0], [0, 0, 0], [0, 0, 0], [0, 1], [0, 1, 0]]
score: 2.0
----------------------------------------------------------------
isp: [[0, 1, 0, 0, 0], [0, 0, 1], [3, 2, 1, 0, 0], [1, 0, 2], [0, 1, 2], [0, 2], [0, 2, 0]]
tc: [[0, 0, 0, 0, 0], [0, 0, 0], [0, 0, 0, 0, 0], [0, 0, 1], [0, 0, 0], [0, 1], [0, 1, 0]]
score: 3.0
----------------------------------------------------------------
isp: [[0, 1, 0, 0, 0], [0, 0, 1], [3, 2, 1, 0, 0], [1, 0, 2], [0, 1, 2], [0, 2], [0, 2, 0]]
tc: [[0, 0, 0, 0, 0], [0, 0, 0], [0, 0, 0, 0, 0], [0, 0, 0], [0, 0, 0], [0, 1], [0, 1, 0]]
score: 2.0
----------------------------------------------------------------
isp: [[0, 1, 0, 0, 0], [0, 0, 1], [3, 2, 1, 0, 0], [1, 0, 2], [0, 1, 2], [0, 2], [0, 2, 0]]
tc: [[0, 0, 0, 0, 0], [0, 0, 0], [0, 0, 0, 0, 0], [0, 0, 0], [0, 0, 0], [0, 1], [0, 1, 0]]
score: 2.0
----------------------------------------------------------------
isp: [[0, 1, 0, 0, 0], [0, 0, 1], [3, 2, 1, 0, 0], [1, 0, 2], [0, 1, 2], [0, 2], [0, 2, 0]]
tc: [[0, 0, 0, 0, 0], [0, 0, 0], [0, 0, 0, 0, 0], [0, 0, 0], [0, 0, 0], [0, 1], [0, 1, 0]]
score: 2.0
----------------------------------------------------------------
isp: [[0, 1, 0, 0, 0], [0, 0, 1], [3, 2, 1, 0, 0], [1, 0, 2], [0, 1, 2], [0, 2], [0, 2, 0]]
tc: [[0, 0, 0, 0, 0], [0, 0, 0], [0, 0, 0, 0, 0], [0, 0, 0], [0, 0, 0], [0, 1], [0, 1, 0]]
score: 2.0
----------------------------------------------------------------
isp: [[0, 1, 0, 0, 0], [0, 0, 1], [3, 2, 1, 0, 0], [1, 0, 2], [0, 1, 2], [0, 2], [0, 2, 0]]
tc: [[0, 0, 0, 0, 0], [0, 0, 0], [0, 0, 0, 0, 0], [0, 0, 3], [0, 0, 1], [0, 1], [0, 1, 0]]
score: 4.11
----------------------------------------------------------------
isp: [[0, 1, 0, 0, 0], [0, 0, 1], [3, 2, 1, 0, 0], [1, 0, 2], [0, 1, 2], [0, 2], [0, 2, 0]]
tc: [[0, 0, 0, 0, 0], [0, 0, 0], [0, 0, 0, 0, 0], [0, 0, 1], [0, 0, 1], [0, 1], [0, 1, 0]]
score: 4.0
----------------------------------------------------------------
isp: [[0, 1, 0, 0, 0], [0, 0, 1], [3, 2, 1, 0, 0], [1, 0, 2], [0, 1, 2], [0, 2], [0, 2, 0]]
tc: [[0, 1, 0, 0, 0], [0, 0, 1], [0, 0, 1, 0, 0], [0, 1, 1], [0, 1, 1], [0, 1], [0, 1, 0]]
score: 144.0
----------------------------------------------------------------
isp: [[0, 1, 0, 0, 0], [0, 0, 1], [3, 2, 1, 0, 0], [1, 0, 2], [0, 1, 2], [0, 2], [0, 2, 0]]
tc: [[0, 0, 0, 0, 0], [0, 0, 0], [1, 0, 0, 0, 0], [0, 0, 3], [0, 0, 1], [1, 0], [0, 1, 0]]
score: 103.21

