----------------------------------------------------------------
isp: [[0, 2, 0, 0, 0], [0, 0, 2], [3, 2, 2, 0, 0], [1, 1, 3], [0, 2, 3], [0, 3], [0, 3, 0]]
tc: [[0, 0, 0, 1, 0], [0, 0, 1], [0, 0, 0, 0, 0], [0, 0, 2], [0, 0, 2], [0, 1], [0, 1, 0]]
score: 101.42
----------------------------------------------------------------
isp: [[0, 2, 0, 0, 0], [0, 0, 2], [3, 2, 2, 0, 0], [1, 1, 3], [0, 2, 3], [0, 3], [0, 3, 0]]
tc: [[0, 0, 0, 0, 0], [0, 0, 0], [0, 0, 0, 0, 0], [0, 0, 1], [0, 0, 1], [0, 1], [0, 1, 0]]
score: 0.4
----------------------------------------------------------------
isp: [[0, 2, 0, 0, 0], [0, 0, 2], [3, 2, 2, 0, 0], [1, 1, 3], [0, 2, 3], [0, 3], [0, 3, 0]]
tc: [[0, 0, 0, 0, 0], [0, 0, 0], [1, 0, 0, 0, 0], [0, 0, 1], [0, 0, 0], [0, 1], [0, 1, 0]]
score: 0.4
----------------------------------------------------------------
isp: [[0, 2, 0, 0, 0], [0, 0, 2], [3, 2, 2, 0, 0], [1, 1, 3], [0, 2, 3], [0, 3], [0, 3, 0]]
tc: [[0, 0, 0, 0, 0], [0, 0, 0], [0, 0, 0, 0, 0], [0, 0, 1], [0, 0, 0], [0, 1], [0, 1, 0]]
score: 0.3
----------------------------------------------------------------
isp: [[0, 2, 0, 0, 0], [0, 0, 2], [3, 2, 2, 0, 0], [1, 1, 3], [0, 2, 3], [0, 3], [0, 3, 0]]
tc: [[0, 1, 0, 0, 0], [0, 0, 1], [0, 0, 0, 0, 0], [0, 0, 5], [0, 0, 2], [0, 1], [1, 0, 0]]
score: 102.321106
----------------------------------------------------------------
isp: [[0, 2, 0, 0, 0], [0, 0, 2], [3, 2, 2, 0, 0], [1, 1, 3], [0, 2, 3], [0, 3], [0, 3, 0]]
tc: [[0, 0, 0, 0, 0], [0, 0, 0], [0, 0, 0, 0, 0], [0, 0, 0], [0, 0, 0], [0, 1], [0, 1, 0]]
score: 0.2
----------------------------------------------------------------
isp: [[0, 2, 0, 0, 0], [0, 0, 2], [3, 2, 2, 0, 0], [1, 1, 3], [0, 2, 3], [0, 3], [0, 3, 0]]
tc: [[0, 0, 0, 0, 0], [0, 0, 0], [0, 0, 0, 0, 0], [0, 0, 0], [0, 0, 0], [0, 1], [0, 1, 0]]
score: 0.2
----------------------------------------------------------------
isp: [[0, 2, 0, 0, 0], [0, 0, 2], [3, 2, 2, 0, 0], [1, 1, 3], [0, 2, 3], [0, 3], [0, 3, 0]]
tc: [[0, 0, 0, 0, 0], [0, 0, 0], [0, 0, 0, 0, 0], [0, 0, 0], [0, 0, 0], [0, 1], [0, 1, 0]]
score: 0.2
----------------------------------------------------------------
isp: [[0, 2, 0, 0, 0], [0, 0, 2], [3, 2, 2, 0, 0], [1, 1, 3], [0, 2, 3], [0, 3], [0, 3, 0]]
tc: [[0, 0, 0, 0, 0], [0, 0, 0], [0, 0, 0, 0, 0], [0, 0, 2], [0, 0, 2], [0, 1], [0, 1, 0]]
score: 0.42
----------------------------------------------------------------
isp: [[0, 2, 0, 0, 0], [0, 0, 2], [3, 2, 2, 0, 0], [1, 1, 3], [0, 2, 3], [0, 3], [0, 3, 0]]
tc: [[0, 0, 0, 0, 0], [0, 0, 0], [0, 0, 0, 0, 0], [0, 0, 0], [0, 0, 0], [0, 1], [0, 1, 0]]
score: 0.2

