----------------------------------------------------------------
isp: [[0, 3, 0, 0, 0], [0, 0, 3], [3, 2, 2, 0, 0], [1, 1, 8], [0, 2, 5], [0, 4], [1, 3, 0]]
tc: [[0, 0, 0, 0, 0], [0, 0, 0], [0, 1, 0, 0, 0], [0, 0, 3], [0, 0, 0], [1, 0], [0, 1, 0]]
score: 101.1
----------------------------------------------------------------
isp: [[0, 3, 0, 0, 0], [0, 0, 3], [3, 2, 2, 0, 0], [1, 1, 8], [0, 2, 5], [0, 4], [1, 3, 0]]
tc: [[0, 0, 0, 0, 0], [0, 0, 0], [1, 1, 0, 0, 0], [0, 0, 2], [0, 0, 1], [0, 1], [0, 1, 0]]
score: 1.2110012
----------------------------------------------------------------
isp: [[0, 3, 0, 0, 0], [0, 0, 3], [3, 2, 2, 0, 0], [1, 1, 8], [0, 2, 5], [0, 4], [1, 3, 0]]
tc: [[0, 0, 0, 0, 0], [0, 0, 0], [0, 0, 0, 0, 0], [0, 0, 2], [0, 0, 2], [0, 1], [0, 1, 0]]
score: 0.1111011
----------------------------------------------------------------
isp: [[0, 3, 0, 0, 0], [0, 0, 3], [3, 2, 2, 0, 0], [1, 1, 8], [0, 2, 5], [0, 4], [1, 3, 0]]
tc: [[0, 0, 0, 0, 0], [0, 0, 0], [0, 0, 0, 0, 0], [0, 0, 2], [0, 0, 0], [0, 1], [0, 0, 1]]
score: 100.01
----------------------------------------------------------------
isp: [[0, 3, 0, 0, 0], [0, 0, 3], [3, 2, 2, 0, 0], [1, 1, 8], [0, 2, 5], [0, 4], [1, 3, 0]]
tc: [[0, 0, 0, 0, 0], [0, 0, 0], [0, 0, 0, 0, 0], [0, 0, 1], [0, 0, 0], [0, 1], [0, 1, 0]]
score: 0.110001
----------------------------------------------------------------
isp: [[0, 3, 0, 0, 0], [0, 0, 3], [3, 2, 2, 0, 0], [1, 1, 8], [0, 2, 5], [0, 4], [1, 3, 0]]
tc: [[0, 0, 0, 0, 0], [0, 0, 0], [0, 0, 0, 0, 0], [0, 0, 1], [0, 0, 0], [0, 1], [0, 1, 0]]
score: 0.110001
----------------------------------------------------------------
isp: [[0, 3, 0, 0, 0], [0, 0, 3], [3, 2, 2, 0, 0], [1, 1, 8], [0, 2, 5], [0, 4], [1, 3, 0]]
tc: [[0, 0, 0, 0, 0], [0, 0, 0], [3, 4, 0, 0, 0], [0, 0, 1], [0, 0, 1], [0, 1], [0, 1, 0]]
score: 1.3330011
----------------------------------------------------------------
isp: [[0, 3, 0, 0, 0], [0, 0, 3], [3, 2, 2, 0, 0], [1, 1, 8], [0, 2, 5], [0, 4], [1, 3, 0]]
tc: [[0, 0, 0, 0, 0], [0, 0, 0], [0, 0, 0, 0, 0], [0, 0, 2], [0, 0, 0], [1, 0], [0, 1, 0]]
score: 100.1
----------------------------------------------------------------
isp: [[0, 3, 0, 0, 0], [0, 0, 3], [3, 2, 2, 0, 0], [1, 1, 8], [0, 2, 5], [0, 4], [1, 3, 0]]
tc: [[0, 0, 0, 0, 0], [0, 0, 0], [1, 1, 0, 0, 0], [0, 0, 1], [0, 0, 1], [0, 1], [0, 1, 0]]
score: 1.211001
----------------------------------------------------------------
isp: [[0, 3, 0, 0, 0], [0, 0, 3], [3, 2, 2, 0, 0], [1, 1, 8], [0, 2, 5], [0, 4], [1, 3, 0]]
tc: [[0, 0, 0, 0, 0], [0, 0, 0], [0, 0, 0, 0, 0], [0, 0, 0], [0, 0, 0], [0, 1], [0, 1, 0]]
score: 0.11

