----------------------------------------------------------------
isp: [[0, 1, 0, 0, 0], [0, 0, 1], [1, 2, 1, 0, 0], [1, 0, 9], [0, 1, 4], [0, 3], [1, 1, 1]]
tc: [[0, 0, 0, 0, 0], [0, 0, 0], [0, 0, 0, 0, 0], [0, 0, 1], [0, 0, 0], [1, 0], [0, 1, 0]]
score: 110.0
----------------------------------------------------------------
isp: [[0, 1, 0, 0, 0], [0, 0, 1], [1, 2, 1, 0, 0], [1, 0, 9], [0, 1, 4], [0, 3], [1, 1, 1]]
tc: [[0, 1, 0, 0, 0], [0, 0, 1], [0, 0, 0, 0, 0], [0, 0, 2], [0, 1, 1], [0, 1], [0, 1, 0]]
score: 40.11
----------------------------------------------------------------
isp: [[0, 1, 0, 0, 0], [0, 0, 1], [1, 2, 1, 0, 0], [1, 0, 9], [0, 1, 4], [0, 3], [1, 1, 1]]
tc: [[0, 0, 0, 0, 0], [0, 0, 0], [0, 0, 0, 0, 0], [0, 0, 0], [0, 0, 0], [0, 1], [0, 1, 0]]
score: 10.1
----------------------------------------------------------------
isp: [[0, 1, 0, 0, 0], [0, 0, 1], [1, 2, 1, 0, 0], [1, 0, 9], [0, 1, 4], [0, 3], [1, 1, 1]]
tc: [[0, 0, 0, 0, 0], [0, 0, 0], [0, 0, 0, 0, 0], [0, 0, 0], [0, 0, 0], [0, 1], [0, 1, 0]]
score: 10.1
----------------------------------------------------------------
isp: [[0, 1, 0, 0, 0], [0, 0, 1], [1, 2, 1, 0, 0], [1, 0, 9], [0, 1, 4], [0, 3], [1, 1, 1]]
tc: [[0, 0, 0, 0, 0], [0, 0, 0], [0, 0, 0, 0, 0], [0, 0, 0], [0, 0, 0], [0, 1], [0, 1, 0]]
score: 10.1
----------------------------------------------------------------
isp: [[0, 1, 0, 0, 0], [0, 0, 1], [1, 2, 1, 0, 0], [1, 0, 9], [0, 1, 4], [0, 3], [1, 1, 1]]
tc: [[0, 0, 0, 0, 0], [0, 0, 0], [0, 0, 0, 0, 0], [0, 0, 2], [0, 0, 2], [0, 1], [0, 1, 0]]
score: 10.111
----------------------------------------------------------------
isp: [[0, 1, 0, 0, 0], [0, 0, 1], [1, 2, 1, 0, 0], [1, 0, 9], [0, 1, 4], [0, 3], [1, 1, 1]]
tc: [[0, 0, 0, 0, 0], [0, 0, 0], [0, 0, 0, 0, 0], [0, 0, 0], [0, 0, 0], [0, 1], [0, 1, 0]]
score: 10.1
----------------------------------------------------------------
isp: [[0, 1, 0, 0, 0], [0, 0, 1], [1, 2, 1, 0, 0], [1, 0, 9], [0, 1, 4], [0, 3], [1, 1, 1]]
tc: [[0, 0, 0, 0, 0], [0, 0, 0], [0, 0, 0, 0, 0], [0, 0, 1], [0, 0, 1], [0, 1], [0, 1, 0]]
score: 10.11
----------------------------------------------------------------
isp: [[0, 1, 0, 0, 0], [0, 0, 1], [1, 2, 1, 0, 0], [1, 0, 9], [0, 1, 4], [0, 3], [1, 1, 1]]
tc: [[0, 0, 0, 0, 0], [0, 0, 0], [0, 0, 0, 0, 0], [0, 0, 1], [0, 0, 0], [0, 1], [0, 1, 0]]
score: 10.1
----------------------------------------------------------------
isp: [[0, 1, 0, 0, 0], [0, 0, 1], [1, 2, 1, 0, 0], [1, 0, 9], [0, 1, 4], [0, 3], [1, 1, 1]]
tc: [[0, 0, 0, 0, 0], [0, 0, 0], [0, 1, 0, 0, 0], [0, 0, 1], [0, 0, 1], [0, 1], [0, 1, 0]]
score: 11.110001

