----------------------------------------------------------------
isp: [[0, 0, 0, 2, 0], [0, 0, 2], [4, 6, 0, 0, 0], [0, 0, 4], [0, 0, 3], [0, 2], [0, 2, 0]]
tc: [[0, 0, 0, 0, 0], [0, 0, 0], [0, 0, 0, 0, 0], [0, 0, 0], [0, 0, 0], [0, 1], [0, 1, 0]]
score: 2.0
----------------------------------------------------------------
isp: [[0, 0, 0, 2, 0], [0, 0, 2], [4, 6, 0, 0, 0], [0, 0, 4], [0, 0, 3], [0, 2], [0, 2, 0]]
tc: [[0, 0, 0, 0, 0], [0, 0, 0], [0, 0, 0, 0, 0], [0, 0, 0], [0, 0, 0], [0, 1], [0, 1, 0]]
score: 2.0
----------------------------------------------------------------
isp: [[0, 0, 0, 2, 0], [0, 0, 2], [4, 6, 0, 0, 0], [0, 0, 4], [0, 0, 3], [0, 2], [0, 2, 0]]
tc: [[0, 0, 0, 0, 0], [0, 0, 0], [0, 0, 0, 0, 0], [0, 0, 2], [0, 0, 2], [1, 0], [0, 0, 1]]
score: 200.121
----------------------------------------------------------------
isp: [[0, 0, 0, 2, 0], [0, 0, 2], [4, 6, 0, 0, 0], [0, 0, 4], [0, 0, 3], [0, 2], [0, 2, 0]]
tc: [[0, 0, 0, 0, 0], [0, 0, 0], [0, 0, 0, 0, 0], [0, 0, 1], [0, 0, 0], [0, 1], [0, 1, 0]]
score: 2.01
----------------------------------------------------------------
isp: [[0, 0, 0, 2, 0], [0, 0, 2], [4, 6, 0, 0, 0], [0, 0, 4], [0, 0, 3], [0, 2], [0, 2, 0]]
tc: [[0, 0, 0, 0, 0], [0, 0, 0], [0, 0, 0, 0, 0], [0, 0, 0], [0, 0, 0], [0, 1], [0, 1, 0]]
score: 2.0
----------------------------------------------------------------
isp: [[0, 0, 0, 2, 0], [0, 0, 2], [4, 6, 0, 0, 0], [0, 0, 4], [0, 0, 3], [0, 2], [0, 2, 0]]
tc: [[0, 0, 0, 0, 0], [0, 0, 0], [1, 0, 0, 0, 0], [0, 0, 1], [0, 0, 1], [0, 1], [0, 1, 0]]
score: 2.12
----------------------------------------------------------------
isp: [[0, 0, 0, 2, 0], [0, 0, 2], [4, 6, 0, 0, 0], [0, 0, 4], [0, 0, 3], [0, 2], [0, 2, 0]]
tc: [[0, 0, 0, 0, 0], [0, 0, 0], [0, 2, 0, 0, 0], [0, 0, 1], [0, 0, 0], [0, 1], [0, 1, 0]]
score: 2.01011
----------------------------------------------------------------
isp: [[0, 0, 0, 2, 0], [0, 0, 2], [4, 6, 0, 0, 0], [0, 0, 4], [0, 0, 3], [0, 2], [0, 2, 0]]
tc: [[0, 0, 0, 0, 0], [0, 0, 0], [0, 2, 0, 0, 0], [0, 0, 2], [0, 0, 1], [0, 1], [0, 1, 0]]
score: 2.11111
----------------------------------------------------------------
isp: [[0, 0, 0, 2, 0], [0, 0, 2], [4, 6, 0, 0, 0], [0, 0, 4], [0, 0, 3], [0, 2], [0, 2, 0]]
tc: [[0, 0, 0, 0, 0], [0, 0, 0], [0, 1, 0, 0, 0], [0, 0, 1], [0, 0, 0], [0, 1], [0, 1, 0]]
score: 2.0101
----------------------------------------------------------------
isp: [[0, 0, 0, 2, 0], [0, 0, 2], [4, 6, 0, 0, 0], [0, 0, 4], [0, 0, 3], [0, 2], [0, 2, 0]]
tc: [[0, 0, 0, 0, 0], [0, 0, 0], [0, 0, 0, 0, 0], [0, 0, 2], [0, 0, 2], [0, 1], [0, 1, 0]]
score: 2.121

