----------------------------------------------------------------
isp: [[0, 0, 0, 0, 0], [0, 0, 0], [2, 2, 0, 0, 0], [0, 0, 8], [0, 0, 3], [1, 3], [1, 2, 1]]
tc: [[0, 0, 0, 0, 0], [0, 0, 0], [0, 0, 0, 0, 0], [0, 0, 2], [0, 0, 1], [0, 1], [0, 1, 0]]
score: 1.2000011
----------------------------------------------------------------
isp: [[0, 0, 0, 0, 0], [0, 0, 0], [2, 2, 0, 0, 0], [0, 0, 8], [0, 0, 3], [1, 3], [1, 2, 1]]
tc: [[0, 0, 0, 0, 0], [0, 0, 0], [0, 0, 0, 0, 0], [0, 0, 2], [0, 0, 2], [1, 0], [0, 1, 0]]
score: 11.110002
----------------------------------------------------------------
isp: [[0, 0, 0, 0, 0], [0, 0, 0], [2, 2, 0, 0, 0], [0, 0, 8], [0, 0, 3], [1, 3], [1, 2, 1]]
tc: [[1, 0, 0, 0, 0], [0, 0, 1], [0, 0, 1, 0, 0], [0, 1, 3], [0, 1, 2], [0, 1], [0, 1, 0]]
score: 501.21
----------------------------------------------------------------
isp: [[0, 0, 0, 0, 0], [0, 0, 0], [2, 2, 0, 0, 0], [0, 0, 8], [0, 0, 3], [1, 3], [1, 2, 1]]
tc: [[0, 1, 0, 0, 0], [0, 0, 1], [0, 1, 0, 0, 0], [0, 0, 3], [0, 0, 1], [0, 1], [0, 1, 0]]
score: 202.20001
----------------------------------------------------------------
isp: [[0, 0, 0, 0, 0], [0, 0, 0], [2, 2, 0, 0, 0], [0, 0, 8], [0, 0, 3], [1, 3], [1, 2, 1]]
tc: [[0, 0, 0, 0, 0], [0, 0, 0], [0, 0, 0, 0, 0], [0, 0, 1], [0, 0, 0], [0, 1], [0, 1, 0]]
score: 1.100001
----------------------------------------------------------------
isp: [[0, 0, 0, 0, 0], [0, 0, 0], [2, 2, 0, 0, 0], [0, 0, 8], [0, 0, 3], [1, 3], [1, 2, 1]]
tc: [[0, 0, 0, 0, 0], [0, 0, 0], [0, 0, 0, 0, 0], [0, 0, 1], [0, 0, 0], [0, 1], [0, 1, 0]]
score: 1.100001
----------------------------------------------------------------
isp: [[0, 0, 0, 0, 0], [0, 0, 0], [2, 2, 0, 0, 0], [0, 0, 8], [0, 0, 3], [1, 3], [1, 2, 1]]
tc: [[0, 0, 0, 0, 0], [0, 0, 0], [0, 0, 0, 0, 0], [0, 0, 0], [0, 0, 0], [0, 1], [0, 1, 0]]
score: 1.1
----------------------------------------------------------------
isp: [[0, 0, 0, 0, 0], [0, 0, 0], [2, 2, 0, 0, 0], [0, 0, 8], [0, 0, 3], [1, 3], [1, 2, 1]]
tc: [[0, 0, 0, 0, 0], [0, 0, 0], [0, 0, 0, 0, 0], [0, 0, 0], [0, 0, 0], [0, 1], [0, 1, 0]]
score: 1.1
----------------------------------------------------------------
isp: [[0, 0, 0, 0, 0], [0, 0, 0], [2, 2, 0, 0, 0], [0, 0, 8], [0, 0, 3], [1, 3], [1, 2, 1]]
tc: [[0, 0, 0, 0, 0], [0, 0, 0], [0, 1, 0, 0, 0], [0, 0, 1], [0, 0, 0], [0, 1], [0, 1, 0]]
score: 2.1000009
----------------------------------------------------------------
isp: [[0, 0, 0, 0, 0], [0, 0, 0], [2, 2, 0, 0, 0], [0, 0, 8], [0, 0, 3], [1, 3], [1, 2, 1]]
tc: [[0, 0, 0, 0, 0], [0, 0, 0], [0, 0, 0, 0, 0], [0, 0, 4], [0, 0, 1], [0, 1], [1, 0, 0]]
score: 10.200001

