----------------------------------------------------------------
isp: [[1, 0, 0, 0, 0], [0, 0, 1], [2, 2, 1, 0, 0], [0, 1, 11], [0, 1, 5], [1, 4], [1, 3, 1]]
tc: [[0, 0, 0, 0, 0], [0, 0, 0], [0, 0, 0, 0, 0], [0, 0, 1], [0, 0, 0], [1, 0], [0, 1, 0]]
score: 10.1
----------------------------------------------------------------
isp: [[1, 0, 0, 0, 0], [0, 0, 1], [2, 2, 1, 0, 0], [0, 1, 11], [0, 1, 5], [1, 4], [1, 3, 1]]
tc: [[0, 0, 0, 0, 0], [0, 0, 0], [0, 0, 0, 0, 0], [0, 0, 1], [0, 0, 0], [0, 1], [0, 1, 0]]
score: 0.11
----------------------------------------------------------------
isp: [[1, 0, 0, 0, 0], [0, 0, 1], [2, 2, 1, 0, 0], [0, 1, 11], [0, 1, 5], [1, 4], [1, 3, 1]]
tc: [[0, 0, 0, 0, 0], [0, 0, 0], [0, 0, 0, 0, 0], [0, 0, 0], [0, 0, 0], [0, 1], [0, 1, 0]]
score: 0.11
----------------------------------------------------------------
isp: [[1, 0, 0, 0, 0], [0, 0, 1], [2, 2, 1, 0, 0], [0, 1, 11], [0, 1, 5], [1, 4], [1, 3, 1]]
tc: [[0, 0, 0, 0, 0], [0, 0, 0], [0, 0, 0, 0, 0], [0, 0, 2], [0, 0, 1], [0, 1], [0, 1, 0]]
score: 0.111
----------------------------------------------------------------
isp: [[1, 0, 0, 0, 0], [0, 0, 1], [2, 2, 1, 0, 0], [0, 1, 11], [0, 1, 5], [1, 4], [1, 3, 1]]
tc: [[0, 0, 0, 0, 0], [0, 0, 0], [0, 0, 0, 0, 0], [0, 0, 0], [0, 0, 0], [0, 1], [0, 1, 0]]
score: 0.11
----------------------------------------------------------------
isp: [[1, 0, 0, 0, 0], [0, 0, 1], [2, 2, 1, 0, 0], [0, 1, 11], [0, 1, 5], [1, 4], [1, 3, 1]]
tc: [[0, 0, 0, 0, 0], [0, 0, 0], [0, 0, 0, 0, 0], [0, 0, 0], [0, 0, 0], [0, 1], [0, 1, 0]]
score: 0.11
----------------------------------------------------------------
isp: [[1, 0, 0, 0, 0], [0, 0, 1], [2, 2, 1, 0, 0], [0, 1, 11], [0, 1, 5], [1, 4], [1, 3, 1]]
tc: [[0, 0, 0, 0, 0], [0, 0, 0], [0, 0, 0, 0, 0], [0, 0, 2], [0, 0, 1], [0, 1], [0, 1, 0]]
score: 0.111
----------------------------------------------------------------
isp: [[1, 0, 0, 0, 0], [0, 0, 1], [2, 2, 1, 0, 0], [0, 1, 11], [0, 1, 5], [1, 4], [1, 3, 1]]
tc: [[0, 0, 0, 0, 0], [0, 0, 0], [0, 0, 0, 0, 0], [0, 0, 0], [0, 0, 0], [0, 1], [0, 1, 0]]
score: 0.11
----------------------------------------------------------------
isp: [[1, 0, 0, 0, 0], [0, 0, 1], [2, 2, 1, 0, 0], [0, 1, 11], [0, 1, 5], [1, 4], [1, 3, 1]]
tc: [[0, 0, 0, 0, 0], [0, 0, 0], [0, 0, 0, 0, 0], [0, 0, 2], [0, 0, 1], [1, 0], [0, 1, 0]]
score: 10.101001
----------------------------------------------------------------
isp: [[1, 0, 0, 0, 0], [0, 0, 1], [2, 2, 1, 0, 0], [0, 1, 11], [0, 1, 5], [1, 4], [1, 3, 1]]
tc: [[0, 0, 0, 0, 0], [0, 0, 0], [0, 0, 0, 0, 0], [0, 0, 1], [0, 0, 1], [0, 1], [0, 1, 0]]
score: 0.111

