----------------------------------------------------------------
isp: [[1, 0, 0, 0, 0], [0, 0, 1], [2, 2, 1, 0, 0], [0, 1, 13], [0, 1, 6], [2, 4], [1, 4, 1]]
tc: [[0, 0, 0, 0, 0], [0, 0, 0], [0, 0, 0, 0, 0], [0, 0, 0], [0, 0, 0], [0, 1], [0, 1, 0]]
score: 0.02
----------------------------------------------------------------
isp: [[1, 0, 0, 0, 0], [0, 0, 1], [2, 2, 1, 0, 0], [0, 1, 13], [0, 1, 6], [2, 4], [1, 4, 1]]
tc: [[0, 0, 0, 0, 0], [0, 0, 0], [0, 0, 0, 0, 0], [0, 0, 2], [0, 0, 1], [1, 0], [0, 1, 0]]
score: 1.0101
----------------------------------------------------------------
isp: [[1, 0, 0, 0, 0], [0, 0, 1], [2, 2, 1, 0, 0], [0, 1, 13], [0, 1, 6], [2, 4], [1, 4, 1]]
tc: [[0, 0, 0, 0, 0], [0, 0, 0], [0, 0, 0, 0, 0], [0, 0, 0], [0, 0, 0], [0, 1], [0, 1, 0]]
score: 0.02
----------------------------------------------------------------
isp: [[1, 0, 0, 0, 0], [0, 0, 1], [2, 2, 1, 0, 0], [0, 1, 13], [0, 1, 6], [2, 4], [1, 4, 1]]
tc: [[0, 0, 0, 0, 0], [0, 0, 0], [0, 0, 0, 0, 0], [0, 0, 0], [0, 0, 0], [0, 1], [0, 1, 0]]
score: 0.02
----------------------------------------------------------------
isp: [[1, 0, 0, 0, 0], [0, 0, 1], [2, 2, 1, 0, 0], [0, 1, 13], [0, 1, 6], [2, 4], [1, 4, 1]]
tc: [[0, 0, 0, 0, 0], [0, 0, 0], [0, 0, 0, 0, 0], [0, 0, 0], [0, 0, 0], [0, 1], [0, 1, 0]]
score: 0.02
----------------------------------------------------------------
isp: [[1, 0, 0, 0, 0], [0, 0, 1], [2, 2, 1, 0, 0], [0, 1, 13], [0, 1, 6], [2, 4], [1, 4, 1]]
tc: [[0, 0, 0, 0, 0], [0, 0, 0], [0, 0, 0, 0, 0], [0, 0, 0], [0, 0, 0], [0, 1], [0, 1, 0]]
score: 0.02
----------------------------------------------------------------
isp: [[1, 0, 0, 0, 0], [0, 0, 1], [2, 2, 1, 0, 0], [0, 1, 13], [0, 1, 6], [2, 4], [1, 4, 1]]
tc: [[0, 0, 0, 0, 0], [0, 0, 0], [0, 0, 0, 0, 0], [0, 0, 0], [0, 0, 0], [0, 1], [0, 1, 0]]
score: 0.02
----------------------------------------------------------------
isp: [[1, 0, 0, 0, 0], [0, 0, 1], [2, 2, 1, 0, 0], [0, 1, 13], [0, 1, 6], [2, 4], [1, 4, 1]]
tc: [[0, 0, 0, 0, 0], [0, 0, 0], [0, 0, 0, 0, 0], [0, 0, 1], [0, 0, 0], [0, 1], [0, 1, 0]]
score: 0.02
----------------------------------------------------------------
isp: [[1, 0, 0, 0, 0], [0, 0, 1], [2, 2, 1, 0, 0], [0, 1, 13], [0, 1, 6], [2, 4], [1, 4, 1]]
tc: [[0, 0, 0, 2, 1], [0, 1, 2], [0, 0, 0, 0, 0], [0, 0, 5], [1, 0, 1], [0, 1], [1, 0, 0]]
score: 431.0101
----------------------------------------------------------------
isp: [[1, 0, 0, 0, 0], [0, 0, 1], [2, 2, 1, 0, 0], [0, 1, 13], [0, 1, 6], [2, 4], [1, 4, 1]]
tc: [[0, 0, 0, 0, 0], [0, 0, 0], [0, 1, 0, 0, 0], [0, 0, 1], [0, 0, 0], [0, 1], [0, 1, 0]]
score: 1.02

