----------------------------------------------------------------
isp: [[1, 0, 0, 2, 1], [0, 1, 3], [2, 2, 1, 0, 0], [0, 1, 18], [1, 1, 7], [2, 5], [2, 4, 1]]
tc: [[0, 0, 0, 0, 0], [0, 0, 0], [0, 0, 0, 0, 0], [0, 0, 0], [0, 0, 0], [0, 1], [0, 1, 0]]
score: 0.011
----------------------------------------------------------------
isp: [[1, 0, 0, 2, 1], [0, 1, 3], [2, 2, 1, 0, 0], [0, 1, 18], [1, 1, 7], [2, 5], [2, 4, 1]]
tc: [[0, 0, 0, 0, 0], [0, 0, 0], [0, 1, 0, 0, 0], [0, 0, 2], [0, 0, 1], [1, 0], [0, 1, 0]]
score: 2.01001
----------------------------------------------------------------
isp: [[1, 0, 0, 2, 1], [0, 1, 3], [2, 2, 1, 0, 0], [0, 1, 18], [1, 1, 7], [2, 5], [2, 4, 1]]
tc: [[0, 0, 0, 0, 0], [0, 0, 0], [0, 0, 0, 0, 0], [0, 0, 0], [0, 0, 0], [0, 1], [0, 1, 0]]
score: 0.011
----------------------------------------------------------------
isp: [[1, 0, 0, 2, 1], [0, 1, 3], [2, 2, 1, 0, 0], [0, 1, 18], [1, 1, 7], [2, 5], [2, 4, 1]]
tc: [[0, 0, 0, 0, 0], [0, 0, 0], [0, 0, 0, 0, 0], [0, 0, 0], [0, 0, 0], [0, 1], [0, 1, 0]]
score: 0.011
----------------------------------------------------------------
isp: [[1, 0, 0, 2, 1], [0, 1, 3], [2, 2, 1, 0, 0], [0, 1, 18], [1, 1, 7], [2, 5], [2, 4, 1]]
tc: [[0, 0, 0, 0, 0], [0, 0, 0], [0, 0, 0, 0, 0], [0, 0, 2], [0, 0, 1], [0, 1], [1, 0, 0]]
score: 1.00101
----------------------------------------------------------------
isp: [[1, 0, 0, 2, 1], [0, 1, 3], [2, 2, 1, 0, 0], [0, 1, 18], [1, 1, 7], [2, 5], [2, 4, 1]]
tc: [[0, 0, 0, 0, 0], [0, 0, 0], [0, 0, 0, 0, 0], [0, 0, 1], [0, 0, 0], [0, 1], [0, 1, 0]]
score: 0.011
----------------------------------------------------------------
isp: [[1, 0, 0, 2, 1], [0, 1, 3], [2, 2, 1, 0, 0], [0, 1, 18], [1, 1, 7], [2, 5], [2, 4, 1]]
tc: [[0, 0, 0, 0, 0], [0, 0, 0], [0, 0, 0, 0, 0], [0, 0, 0], [0, 0, 0], [0, 1], [0, 1, 0]]
score: 0.011
----------------------------------------------------------------
isp: [[1, 0, 0, 2, 1], [0, 1, 3], [2, 2, 1, 0, 0], [0, 1, 18], [1, 1, 7], [2, 5], [2, 4, 1]]
tc: [[0, 0, 0, 0, 0], [0, 0, 0], [0, 0, 0, 0, 0], [0, 0, 2], [0, 0, 1], [0, 1], [0, 1, 0]]
score: 0.01101
----------------------------------------------------------------
isp: [[1, 0, 0, 2, 1], [0, 1, 3], [2, 2, 1, 0, 0], [0, 1, 18], [1, 1, 7], [2, 5], [2, 4, 1]]
tc: [[0, 0, 0, 0, 0], [0, 0, 0], [0, 1, 0, 0, 0], [0, 0, 1], [0, 0, 1], [0, 1], [0, 1, 0]]
score: 1.01101
----------------------------------------------------------------
isp: [[1, 0, 0, 2, 1], [0, 1, 3], [2, 2, 1, 0, 0], [0, 1, 18], [1, 1, 7], [2, 5], [2, 4, 1]]
tc: [[0, 0, 0, 0, 0], [0, 0, 0], [0, 1, 0, 0, 0], [0, 0, 1], [0, 0, 1], [0, 1], [0, 1, 0]]
score: 1.01101

