----------------------------------------------------------------
isp: [[1, 0, 0, 2, 1], [0, 1, 3], [2, 3, 1, 0, 0], [0, 1, 20], [1, 1, 8], [3, 5], [2, 5, 1]]
tc: [[0, 0, 0, 0, 0], [0, 0, 0], [0, 0, 0, 0, 0], [0, 0, 1], [0, 0, 1], [0, 1], [0, 1, 0]]
score: 0.002001
----------------------------------------------------------------
isp: [[1, 0, 0, 2, 1], [0, 1, 3], [2, 3, 1, 0, 0], [0, 1, 20], [1, 1, 8], [3, 5], [2, 5, 1]]
tc: [[0, 0, 0, 0, 0], [0, 0, 0], [0, 0, 0, 0, 0], [0, 0, 1], [0, 0, 0], [0, 1], [0, 1, 0]]
score: 0.002
----------------------------------------------------------------
isp: [[1, 0, 0, 2, 1], [0, 1, 3], [2, 3, 1, 0, 0], [0, 1, 20], [1, 1, 8], [3, 5], [2, 5, 1]]
tc: [[0, 0, 0, 0, 0], [0, 0, 0], [0, 0, 0, 0, 0], [0, 0, 2], [0, 0, 1], [0, 1], [0, 1, 0]]
score: 0.002001
----------------------------------------------------------------
isp: [[1, 0, 0, 2, 1], [0, 1, 3], [2, 3, 1, 0, 0], [0, 1, 20], [1, 1, 8], [3, 5], [2, 5, 1]]
tc: [[0, 0, 0, 0, 0], [0, 0, 0], [0, 0, 0, 0, 0], [0, 0, 0], [0, 0, 0], [0, 1], [0, 1, 0]]
score: 0.002
----------------------------------------------------------------
isp: [[1, 0, 0, 2, 1], [0, 1, 3], [2, 3, 1, 0, 0], [0, 1, 20], [1, 1, 8], [3, 5], [2, 5, 1]]
tc: [[0, 0, 0, 0, 0], [0, 0, 0], [0, 0, 0, 0, 0], [0, 0, 0], [0, 0, 0], [0, 1], [0, 1, 0]]
score: 0.002
----------------------------------------------------------------
isp: [[1, 0, 0, 2, 1], [0, 1, 3], [2, 3, 1, 0, 0], [0, 1, 20], [1, 1, 8], [3, 5], [2, 5, 1]]
tc: [[0, 0, 0, 0, 0], [0, 0, 0], [0, 0, 0, 0, 0], [0, 0, 1], [0, 0, 0], [0, 1], [0, 1, 0]]
score: 0.002
----------------------------------------------------------------
isp: [[1, 0, 0, 2, 1], [0, 1, 3], [2, 3, 1, 0, 0], [0, 1, 20], [1, 1, 8], [3, 5], [2, 5, 1]]
tc: [[0, 0, 0, 0, 0], [0, 0, 0], [0, 0, 0, 0, 0], [0, 0, 5], [0, 0, 3], [0, 1], [0, 1, 0]]
score: 0.00200111
----------------------------------------------------------------
isp: [[1, 0, 0, 2, 1], [0, 1, 3], [2, 3, 1, 0, 0], [0, 1, 20], [1, 1, 8], [3, 5], [2, 5, 1]]
tc: [[0, 0, 0, 0, 0], [0, 0, 0], [1, 0, 0, 0, 0], [0, 0, 1], [0, 0, 0], [0, 1], [0, 1, 0]]
score: 1.0020001
----------------------------------------------------------------
isp: [[1, 0, 0, 2, 1], [0, 1, 3], [2, 3, 1, 0, 0], [0, 1, 20], [1, 1, 8], [3, 5], [2, 5, 1]]
tc: [[0, 0, 0, 0, 0], [0, 0, 0], [0, 0, 0, 0, 0], [0, 0, 1], [0, 0, 0], [0, 1], [0, 1, 0]]
score: 0.002
----------------------------------------------------------------
isp: [[1, 0, 0, 2, 1], [0, 1, 3], [2, 3, 1, 0, 0], [0, 1, 20], [1, 1, 8], [3, 5], [2, 5, 1]]
tc: [[0, 0, 0, 0, 0], [0, 0, 0], [0, 0, 0, 0, 0], [0, 0, 3], [0, 0, 2], [0, 1], [0, 1, 0]]
score: 0.0020011002

