----------------------------------------------------------------
isp: [[1, 0, 0, 2, 1], [0, 1, 3], [3, 3, 1, 0, 0], [0, 1, 21], [1, 1, 8], [3, 6], [2, 6, 1]]
tc: [[0, 0, 0, 0, 0], [0, 0, 0], [0, 0, 0, 0, 0], [0, 0, 2], [0, 0, 2], [0, 1], [1, 0, 0]]
score: 1.0001011
----------------------------------------------------------------
isp: [[1, 0, 0, 2, 1], [0, 1, 3], [3, 3, 1, 0, 0], [0, 1, 21], [1, 1, 8], [3, 6], [2, 6, 1]]
tc: [[0, 0, 0, 0, 0], [0, 0, 0], [0, 0, 0, 0, 0], [0, 0, 1], [0, 0, 1], [0, 1], [0, 1, 0]]
score: 2.0099999E-4
----------------------------------------------------------------
isp: [[1, 0, 0, 2, 1], [0, 1, 3], [3, 3, 1, 0, 0], [0, 1, 21], [1, 1, 8], [3, 6], [2, 6, 1]]
tc: [[0, 0, 0, 0, 0], [0, 0, 0], [2, 0, 0, 0, 0], [0, 0, 1], [0, 0, 0], [0, 1], [0, 1, 0]]
score: 0.1102
----------------------------------------------------------------
isp: [[1, 0, 0, 2, 1], [0, 1, 3], [3, 3, 1, 0, 0], [0, 1, 21], [1, 1, 8], [3, 6], [2, 6, 1]]
tc: [[0, 0, 0, 0, 0], [0, 0, 0], [0, 0, 0, 0, 0], [0, 0, 2], [0, 0, 1], [1, 0], [0, 1, 0]]
score: 0.100101
----------------------------------------------------------------
isp: [[1, 0, 0, 2, 1], [0, 1, 3], [3, 3, 1, 0, 0], [0, 1, 21], [1, 1, 8], [3, 6], [2, 6, 1]]
tc: [[0, 0, 0, 0, 0], [0, 0, 0], [0, 0, 0, 0, 0], [0, 0, 0], [0, 0, 0], [0, 1], [0, 1, 0]]
score: 2.0E-4
----------------------------------------------------------------
isp: [[1, 0, 0, 2, 1], [0, 1, 3], [3, 3, 1, 0, 0], [0, 1, 21], [1, 1, 8], [3, 6], [2, 6, 1]]
tc: [[0, 0, 0, 0, 0], [0, 0, 0], [0, 0, 0, 0, 0], [0, 0, 1], [0, 0, 0], [0, 1], [0, 1, 0]]
score: 2.0E-4
----------------------------------------------------------------
isp: [[1, 0, 0, 2, 1], [0, 1, 3], [3, 3, 1, 0, 0], [0, 1, 21], [1, 1, 8], [3, 6], [2, 6, 1]]
tc: [[0, 0, 0, 0, 0], [0, 0, 0], [0, 0, 0, 0, 0], [0, 0, 0], [0, 0, 0], [0, 1], [0, 1, 0]]
score: 2.0E-4
----------------------------------------------------------------
isp: [[1, 0, 0, 2, 1], [0, 1, 3], [3, 3, 1, 0, 0], [0, 1, 21], [1, 1, 8], [3, 6], [2, 6, 1]]
tc: [[0, 1, 0, 0, 0], [0, 0, 1], [0, 0, 0, 0, 0], [0, 0, 3], [0, 0, 1], [1, 0], [0, 1, 0]]
score: 100.200096
----------------------------------------------------------------
isp: [[1, 0, 0, 2, 1], [0, 1, 3], [3, 3, 1, 0, 0], [0, 1, 21], [1, 1, 8], [3, 6], [2, 6, 1]]
tc: [[0, 0, 0, 0, 0], [0, 0, 0], [0, 0, 0, 0, 0], [0, 0, 3], [0, 0, 2], [1, 0], [0, 1, 0]]
score: 0.100101106
----------------------------------------------------------------
isp: [[1, 0, 0, 2, 1], [0, 1, 3], [3, 3, 1, 0, 0], [0, 1, 21], [1, 1, 8], [3, 6], [2, 6, 1]]
tc: [[0, 0, 0, 0, 0], [0, 0, 0], [0, 0, 0, 0, 0], [0, 0, 0], [0, 0, 0], [0, 1], [0, 1, 0]]
score: 2.0E-4

