----------------------------------------------------------------
isp: [[0, 0, 1, 0, 0], [0, 0, 1], [1, 0, 0, 0, 0], [0, 0, 4], [0, 0, 2], [0, 2], [1, 1, 0]]
tc: [[0, 0, 0, 0, 0], [0, 0, 0], [0, 0, 0, 0, 0], [0, 0, 1], [0, 0, 1], [0, 1], [0, 1, 0]]
score: 12.01
----------------------------------------------------------------
isp: [[0, 0, 1, 0, 0], [0, 0, 1], [1, 0, 0, 0, 0], [0, 0, 4], [0, 0, 2], [0, 2], [1, 1, 0]]
tc: [[0, 0, 0, 0, 0], [0, 0, 0], [0, 0, 0, 0, 0], [0, 0, 2], [0, 0, 2], [0, 1], [0, 1, 0]]
score: 12.111
----------------------------------------------------------------
isp: [[0, 0, 1, 0, 0], [0, 0, 1], [1, 0, 0, 0, 0], [0, 0, 4], [0, 0, 2], [0, 2], [1, 1, 0]]
tc: [[0, 0, 0, 0, 0], [0, 0, 0], [0, 1, 0, 0, 0], [0, 0, 4], [0, 0, 2], [0, 1], [1, 0, 0]]
score: 112.11111
----------------------------------------------------------------
isp: [[0, 0, 1, 0, 0], [0, 0, 1], [1, 0, 0, 0, 0], [0, 0, 4], [0, 0, 2], [0, 2], [1, 1, 0]]
tc: [[0, 0, 0, 0, 0], [0, 0, 0], [0, 0, 0, 0, 0], [0, 0, 1], [0, 0, 1], [0, 1], [0, 1, 0]]
score: 12.01
----------------------------------------------------------------
isp: [[0, 0, 1, 0, 0], [0, 0, 1], [1, 0, 0, 0, 0], [0, 0, 4], [0, 0, 2], [0, 2], [1, 1, 0]]
tc: [[0, 0, 0, 0, 0], [0, 0, 0], [0, 0, 0, 0, 0], [0, 0, 1], [0, 0, 1], [0, 1], [0, 1, 0]]
score: 12.01
----------------------------------------------------------------
isp: [[0, 0, 1, 0, 0], [0, 0, 1], [1, 0, 0, 0, 0], [0, 0, 4], [0, 0, 2], [0, 2], [1, 1, 0]]
tc: [[0, 0, 0, 0, 0], [0, 0, 0], [0, 0, 0, 0, 0], [0, 0, 0], [0, 0, 0], [0, 1], [0, 1, 0]]
score: 11.0
----------------------------------------------------------------
isp: [[0, 0, 1, 0, 0], [0, 0, 1], [1, 0, 0, 0, 0], [0, 0, 4], [0, 0, 2], [0, 2], [1, 1, 0]]
tc: [[0, 0, 0, 0, 0], [0, 0, 0], [0, 0, 0, 0, 0], [0, 0, 1], [0, 0, 0], [0, 1], [0, 1, 0]]
score: 11.01
----------------------------------------------------------------
isp: [[0, 0, 1, 0, 0], [0, 0, 1], [1, 0, 0, 0, 0], [0, 0, 4], [0, 0, 2], [0, 2], [1, 1, 0]]
tc: [[0, 0, 0, 0, 0], [0, 0, 0], [0, 0, 0, 0, 0], [0, 0, 0], [0, 0, 0], [0, 1], [0, 1, 0]]
score: 11.0
----------------------------------------------------------------
isp: [[0, 0, 1, 0, 0], [0, 0, 1], [1, 0, 0, 0, 0], [0, 0, 4], [0, 0, 2], [0, 2], [1, 1, 0]]
tc: [[0, 0, 0, 0, 0], [0, 0, 0], [0, 0, 0, 0, 0], [0, 0, 4], [0, 0, 0], [0, 1], [0, 1, 0]]
score: 11.01111
----------------------------------------------------------------
isp: [[0, 0, 1, 0, 0], [0, 0, 1], [1, 0, 0, 0, 0], [0, 0, 4], [0, 0, 2], [0, 2], [1, 1, 0]]
tc: [[0, 0, 0, 0, 0], [0, 0, 0], [0, 0, 0, 0, 0], [0, 0, 2], [0, 0, 2], [0, 1], [0, 1, 0]]
score: 12.111

