----------------------------------------------------------------
isp: [[0, 0, 1, 0, 0], [0, 0, 1], [1, 1, 0, 0, 0], [0, 0, 8], [0, 0, 4], [0, 3], [2, 1, 0]]
tc: [[0, 0, 0, 0, 0], [0, 0, 0], [0, 0, 0, 0, 0], [0, 0, 3], [0, 0, 1], [1, 0], [0, 1, 0]]
score: 110.01
----------------------------------------------------------------
isp: [[0, 0, 1, 0, 0], [0, 0, 1], [1, 1, 0, 0, 0], [0, 0, 8], [0, 0, 4], [0, 3], [2, 1, 0]]
tc: [[0, 0, 0, 0, 0], [0, 0, 0], [0, 0, 0, 0, 0], [0, 0, 1], [0, 0, 1], [1, 0], [0, 1, 0]]
score: 110.01
----------------------------------------------------------------
isp: [[0, 0, 1, 0, 0], [0, 0, 1], [1, 1, 0, 0, 0], [0, 0, 8], [0, 0, 4], [0, 3], [2, 1, 0]]
tc: [[0, 0, 0, 0, 0], [0, 0, 0], [0, 0, 0, 0, 0], [0, 0, 0], [0, 0, 0], [0, 1], [0, 1, 0]]
score: 10.1
----------------------------------------------------------------
isp: [[0, 0, 1, 0, 0], [0, 0, 1], [1, 1, 0, 0, 0], [0, 0, 8], [0, 0, 4], [0, 3], [2, 1, 0]]
tc: [[0, 0, 0, 0, 0], [0, 0, 0], [0, 0, 0, 0, 0], [0, 0, 1], [0, 0, 1], [0, 1], [0, 1, 0]]
score: 10.110001
----------------------------------------------------------------
isp: [[0, 0, 1, 0, 0], [0, 0, 1], [1, 1, 0, 0, 0], [0, 0, 8], [0, 0, 4], [0, 3], [2, 1, 0]]
tc: [[0, 0, 0, 0, 0], [0, 0, 0], [0, 0, 0, 0, 0], [0, 0, 0], [0, 0, 0], [0, 1], [0, 1, 0]]
score: 10.1
----------------------------------------------------------------
isp: [[0, 0, 1, 0, 0], [0, 0, 1], [1, 1, 0, 0, 0], [0, 0, 8], [0, 0, 4], [0, 3], [2, 1, 0]]
tc: [[0, 0, 0, 0, 0], [0, 0, 0], [0, 0, 0, 0, 0], [0, 0, 0], [0, 0, 0], [0, 1], [0, 1, 0]]
score: 10.1
----------------------------------------------------------------
isp: [[0, 0, 1, 0, 0], [0, 0, 1], [1, 1, 0, 0, 0], [0, 0, 8], [0, 0, 4], [0, 3], [2, 1, 0]]
tc: [[0, 0, 0, 0, 0], [0, 0, 0], [1, 0, 0, 0, 0], [0, 0, 2], [0, 0, 2], [0, 1], [0, 1, 0]]
score: 20.111
----------------------------------------------------------------
isp: [[0, 0, 1, 0, 0], [0, 0, 1], [1, 1, 0, 0, 0], [0, 0, 8], [0, 0, 4], [0, 3], [2, 1, 0]]
tc: [[0, 0, 0, 0, 0], [0, 0, 0], [1, 0, 0, 0, 0], [0, 0, 2], [0, 0, 1], [0, 1], [0, 1, 0]]
score: 20.11
----------------------------------------------------------------
isp: [[0, 0, 1, 0, 0], [0, 0, 1], [1, 1, 0, 0, 0], [0, 0, 8], [0, 0, 4], [0, 3], [2, 1, 0]]
tc: [[0, 0, 0, 0, 0], [0, 0, 0], [0, 0, 0, 0, 0], [0, 0, 1], [0, 0, 0], [0, 1], [0, 1, 0]]
score: 10.100001
----------------------------------------------------------------
isp: [[0, 0, 1, 0, 0], [0, 0, 1], [1, 1, 0, 0, 0], [0, 0, 8], [0, 0, 4], [0, 3], [2, 1, 0]]
tc: [[0, 0, 0, 0, 0], [0, 0, 0], [0, 0, 0, 0, 0], [0, 0, 1], [0, 0, 1], [0, 1], [0, 1, 0]]
score: 10.110001

