----------------------------------------------------------------
isp: [[0, 0, 0, 0, 1], [0, 1, 0], [0, 0, 0, 0, 0], [0, 0, 4], [0, 1, 1], [0, 1], [0, 1, 0]]
tc: [[0, 0, 0, 0, 0], [0, 0, 0], [0, 1, 0, 0, 0], [0, 0, 1], [0, 0, 1], [0, 1], [0, 1, 0]]
score: 130.01001
----------------------------------------------------------------
isp: [[0, 0, 0, 0, 1], [0, 1, 0], [0, 0, 0, 0, 0], [0, 0, 4], [0, 1, 1], [0, 1], [0, 1, 0]]
tc: [[0, 0, 0, 0, 0], [0, 0, 0], [0, 0, 0, 0, 0], [0, 0, 0], [0, 0, 0], [0, 1], [0, 1, 0]]
score: 20.0
----------------------------------------------------------------
isp: [[0, 0, 0, 0, 1], [0, 1, 0], [0, 0, 0, 0, 0], [0, 0, 4], [0, 1, 1], [0, 1], [0, 1, 0]]
tc: [[0, 0, 0, 0, 0], [0, 0, 0], [0, 0, 0, 0, 0], [0, 0, 0], [0, 0, 0], [0, 1], [0, 1, 0]]
score: 20.0
----------------------------------------------------------------
isp: [[0, 0, 0, 0, 1], [0, 1, 0], [0, 0, 0, 0, 0], [0, 0, 4], [0, 1, 1], [0, 1], [0, 1, 0]]
tc: [[0, 0, 0, 0, 0], [0, 0, 0], [0, 0, 0, 0, 0], [0, 0, 1], [0, 0, 0], [1, 0], [0, 1, 0]]
score: 110.01
----------------------------------------------------------------
isp: [[0, 0, 0, 0, 1], [0, 1, 0], [0, 0, 0, 0, 0], [0, 0, 4], [0, 1, 1], [0, 1], [0, 1, 0]]
tc: [[0, 0, 0, 0, 0], [0, 0, 0], [0, 3, 0, 0, 0], [0, 0, 2], [0, 0, 1], [0, 1], [0, 1, 0]]
score: 141.011
----------------------------------------------------------------
isp: [[0, 0, 0, 0, 1], [0, 1, 0], [0, 0, 0, 0, 0], [0, 0, 4], [0, 1, 1], [0, 1], [0, 1, 0]]
tc: [[0, 0, 0, 0, 0], [0, 0, 0], [0, 0, 0, 0, 0], [0, 0, 1], [0, 0, 0], [0, 1], [0, 1, 0]]
score: 20.01
----------------------------------------------------------------
isp: [[0, 0, 0, 0, 1], [0, 1, 0], [0, 0, 0, 0, 0], [0, 0, 4], [0, 1, 1], [0, 1], [0, 1, 0]]
tc: [[0, 0, 0, 0, 0], [0, 0, 0], [0, 0, 0, 0, 0], [0, 0, 1], [0, 0, 0], [0, 1], [0, 1, 0]]
score: 20.01
----------------------------------------------------------------
isp: [[0, 0, 0, 0, 1], [0, 1, 0], [0, 0, 0, 0, 0], [0, 0, 4], [0, 1, 1], [0, 1], [0, 1, 0]]
tc: [[0, 0, 0, 0, 0], [0, 0, 0], [0, 1, 0, 0, 0], [0, 0, 2], [0, 0, 2], [1, 0], [0, 1, 0]]
score: 221.011
----------------------------------------------------------------
isp: [[0, 0, 0, 0, 1], [0, 1, 0], [0, 0, 0, 0, 0], [0, 0, 4], [0, 1, 1], [0, 1], [0, 1, 0]]
tc: [[0, 0, 0, 0, 0], [0, 0, 0], [0, 0, 0, 0, 0], [0, 0, 0], [0, 0, 0], [0, 1], [0, 1, 0]]
score: 20.0
----------------------------------------------------------------
isp: [[0, 0, 0, 0, 1], [0, 1, 0], [0, 0, 0, 0, 0], [0, 0, 4], [0, 1, 1], [0, 1], [0, 1, 0]]
tc: [[0, 0, 0, 0, 0], [0, 0, 0], [0, 1, 0, 0, 0], [0, 0, 1], [0, 0, 0], [0, 1], [0, 1, 0]]
score: 120.01

