----------------------------------------------------------------
isp: [[0, 2, 0, 0, 1], [0, 1, 2], [4, 8, 1, 0, 0], [1, 0, 22], [0, 2, 10], [2, 8], [2, 7, 1]]
tc: [[0, 0, 0, 0, 0], [0, 0, 0], [0, 0, 0, 0, 0], [0, 0, 0], [0, 0, 0], [0, 1], [0, 1, 0]]
score: 1.1E-5
----------------------------------------------------------------
isp: [[0, 2, 0, 0, 1], [0, 1, 2], [4, 8, 1, 0, 0], [1, 0, 22], [0, 2, 10], [2, 8], [2, 7, 1]]
tc: [[0, 0, 0, 0, 0], [0, 0, 0], [0, 0, 0, 0, 0], [0, 0, 1], [0, 0, 0], [0, 1], [0, 0, 1]]
score: 10.000001
----------------------------------------------------------------
isp: [[0, 2, 0, 0, 1], [0, 1, 2], [4, 8, 1, 0, 0], [1, 0, 22], [0, 2, 10], [2, 8], [2, 7, 1]]
tc: [[0, 0, 0, 0, 0], [0, 0, 0], [0, 0, 0, 0, 0], [0, 0, 2], [0, 0, 1], [0, 1], [0, 0, 1]]
score: 10.000001
----------------------------------------------------------------
isp: [[0, 2, 0, 0, 1], [0, 1, 2], [4, 8, 1, 0, 0], [1, 0, 22], [0, 2, 10], [2, 8], [2, 7, 1]]
tc: [[0, 0, 0, 0, 0], [0, 0, 0], [0, 0, 0, 0, 0], [0, 0, 0], [0, 0, 0], [0, 1], [0, 1, 0]]
score: 1.1E-5
----------------------------------------------------------------
isp: [[0, 2, 0, 0, 1], [0, 1, 2], [4, 8, 1, 0, 0], [1, 0, 22], [0, 2, 10], [2, 8], [2, 7, 1]]
tc: [[0, 0, 0, 0, 0], [0, 0, 0], [0, 0, 0, 0, 0], [0, 0, 0], [0, 0, 0], [0, 1], [0, 1, 0]]
score: 1.1E-5
----------------------------------------------------------------
isp: [[0, 2, 0, 0, 1], [0, 1, 2], [4, 8, 1, 0, 0], [1, 0, 22], [0, 2, 10], [2, 8], [2, 7, 1]]
tc: [[0, 0, 0, 0, 0], [0, 0, 0], [0, 1, 0, 0, 0], [0, 0, 2], [0, 0, 2], [0, 1], [0, 1, 0]]
score: 1.2011E-5
----------------------------------------------------------------
isp: [[0, 2, 0, 0, 1], [0, 1, 2], [4, 8, 1, 0, 0], [1, 0, 22], [0, 2, 10], [2, 8], [2, 7, 1]]
tc: [[0, 0, 0, 0, 0], [0, 0, 0], [0, 0, 0, 0, 0], [0, 0, 0], [0, 0, 0], [0, 1], [0, 1, 0]]
score: 1.1E-5
----------------------------------------------------------------
isp: [[0, 2, 0, 0, 1], [0, 1, 2], [4, 8, 1, 0, 0], [1, 0, 22], [0, 2, 10], [2, 8], [2, 7, 1]]
tc: [[0, 0, 0, 0, 0], [0, 0, 0], [1, 2, 0, 0, 0], [0, 0, 2], [0, 0, 1], [0, 1], [0, 1, 0]]
score: 0.01001211
----------------------------------------------------------------
isp: [[0, 2, 0, 0, 1], [0, 1, 2], [4, 8, 1, 0, 0], [1, 0, 22], [0, 2, 10], [2, 8], [2, 7, 1]]
tc: [[0, 0, 0, 0, 0], [0, 0, 0], [0, 0, 0, 0, 0], [0, 0, 0], [0, 0, 0], [0, 1], [0, 1, 0]]
score: 1.1E-5
----------------------------------------------------------------
isp: [[0, 2, 0, 0, 1], [0, 1, 2], [4, 8, 1, 0, 0], [1, 0, 22], [0, 2, 10], [2, 8], [2, 7, 1]]
tc: [[0, 0, 0, 0, 0], [0, 0, 0], [0, 1, 0, 0, 0], [0, 0, 2], [0, 0, 1], [0, 1], [0, 1, 0]]
score: 1.2009999E-5

