----------------------------------------------------------------
isp: [[0, 2, 0, 0, 1], [0, 1, 2], [4, 8, 1, 0, 0], [1, 0, 23], [0, 2, 10], [2, 9], [2, 7, 2]]
tc: [[0, 0, 0, 0, 0], [0, 0, 0], [0, 0, 0, 0, 0], [0, 0, 0], [0, 0, 0], [0, 1], [0, 1, 0]]
score: 1.01E-5
----------------------------------------------------------------
isp: [[0, 2, 0, 0, 1], [0, 1, 2], [4, 8, 1, 0, 0], [1, 0, 23], [0, 2, 10], [2, 9], [2, 7, 2]]
tc: [[0, 0, 0, 0, 0], [0, 0, 0], [0, 0, 0, 0, 0], [0, 0, 4], [0, 0, 2], [0, 1], [1, 0, 0]]
score: 1.0000001
----------------------------------------------------------------
isp: [[0, 2, 0, 0, 1], [0, 1, 2], [4, 8, 1, 0, 0], [1, 0, 23], [0, 2, 10], [2, 9], [2, 7, 2]]
tc: [[0, 0, 0, 0, 0], [0, 0, 0], [0, 0, 0, 0, 0], [0, 0, 0], [0, 0, 0], [0, 1], [0, 1, 0]]
score: 1.01E-5
----------------------------------------------------------------
isp: [[0, 2, 0, 0, 1], [0, 1, 2], [4, 8, 1, 0, 0], [1, 0, 23], [0, 2, 10], [2, 9], [2, 7, 2]]
tc: [[0, 0, 0, 0, 0], [0, 0, 0], [1, 1, 0, 0, 0], [0, 0, 2], [0, 0, 1], [0, 1], [0, 1, 0]]
score: 0.0100111095
----------------------------------------------------------------
isp: [[0, 2, 0, 0, 1], [0, 1, 2], [4, 8, 1, 0, 0], [1, 0, 23], [0, 2, 10], [2, 9], [2, 7, 2]]
tc: [[0, 0, 0, 0, 0], [0, 0, 0], [0, 0, 0, 0, 0], [0, 0, 1], [0, 0, 1], [0, 1], [0, 1, 0]]
score: 1.01099995E-5
----------------------------------------------------------------
isp: [[0, 2, 0, 0, 1], [0, 1, 2], [4, 8, 1, 0, 0], [1, 0, 23], [0, 2, 10], [2, 9], [2, 7, 2]]
tc: [[0, 0, 0, 0, 0], [0, 0, 0], [0, 0, 0, 0, 0], [0, 0, 1], [0, 0, 0], [0, 1], [0, 1, 0]]
score: 1.01E-5
----------------------------------------------------------------
isp: [[0, 2, 0, 0, 1], [0, 1, 2], [4, 8, 1, 0, 0], [1, 0, 23], [0, 2, 10], [2, 9], [2, 7, 2]]
tc: [[0, 0, 0, 0, 0], [0, 0, 0], [1, 1, 0, 0, 0], [0, 0, 3], [0, 0, 2], [1, 0], [0, 1, 0]]
score: 1.0100111
----------------------------------------------------------------
isp: [[0, 2, 0, 0, 1], [0, 1, 2], [4, 8, 1, 0, 0], [1, 0, 23], [0, 2, 10], [2, 9], [2, 7, 2]]
tc: [[0, 0, 0, 0, 0], [0, 0, 0], [0, 0, 0, 0, 0], [0, 0, 0], [0, 0, 0], [0, 1], [0, 1, 0]]
score: 1.01E-5
----------------------------------------------------------------
isp: [[0, 2, 0, 0, 1], [0, 1, 2], [4, 8, 1, 0, 0], [1, 0, 23], [0, 2, 10], [2, 9], [2, 7, 2]]
tc: [[0, 0, 0, 0, 0], [0, 0, 0], [0, 0, 0, 0, 0], [0, 0, 1], [0, 0, 0], [0, 1], [0, 1, 0]]
score: 1.01E-5
----------------------------------------------------------------
isp: [[0, 2, 0, 0, 1], [0, 1, 2], [4, 8, 1, 0, 0], [1, 0, 23], [0, 2, 10], [2, 9], [2, 7, 2]]
tc: [[0, 0, 0, 0, 0], [0, 0, 0], [0, 0, 0, 0, 0], [0, 0, 2], [0, 0, 0], [0, 1], [0, 1, 0]]
score: 1.01E-5

