----------------------------------------------------------------
isp: [[0, 2, 0, 0, 1], [0, 1, 2], [5, 9, 1, 0, 0], [1, 0, 26], [0, 2, 12], [3, 9], [2, 8, 2]]
tc: [[0, 0, 0, 0, 0], [0, 0, 0], [0, 0, 0, 0, 0], [0, 0, 0], [0, 0, 0], [0, 1], [0, 1, 0]]
score: 1.1E-6
----------------------------------------------------------------
isp: [[0, 2, 0, 0, 1], [0, 1, 2], [5, 9, 1, 0, 0], [1, 0, 26], [0, 2, 12], [3, 9], [2, 8, 2]]
tc: [[1, 0, 0, 0, 0], [0, 0, 1], [0, 0, 0, 0, 0], [0, 0, 3], [0, 0, 2], [0, 1], [0, 1, 0]]
score: 101.0
----------------------------------------------------------------
isp: [[0, 2, 0, 0, 1], [0, 1, 2], [5, 9, 1, 0, 0], [1, 0, 26], [0, 2, 12], [3, 9], [2, 8, 2]]
tc: [[0, 0, 0, 0, 0], [0, 0, 0], [0, 0, 0, 0, 0], [0, 0, 1], [0, 0, 1], [0, 1], [0, 1, 0]]
score: 1.1001E-6
----------------------------------------------------------------
isp: [[0, 2, 0, 0, 1], [0, 1, 2], [5, 9, 1, 0, 0], [1, 0, 26], [0, 2, 12], [3, 9], [2, 8, 2]]
tc: [[0, 0, 0, 0, 0], [0, 0, 0], [1, 0, 0, 0, 0], [0, 0, 1], [0, 0, 1], [0, 1], [0, 1, 0]]
score: 0.0010011002
----------------------------------------------------------------
isp: [[0, 2, 0, 0, 1], [0, 1, 2], [5, 9, 1, 0, 0], [1, 0, 26], [0, 2, 12], [3, 9], [2, 8, 2]]
tc: [[0, 0, 0, 1, 1], [0, 1, 1], [0, 0, 0, 1, 0], [0, 1, 4], [1, 0, 2], [0, 1], [0, 0, 1]]
score: 422.0
----------------------------------------------------------------
isp: [[0, 2, 0, 0, 1], [0, 1, 2], [5, 9, 1, 0, 0], [1, 0, 26], [0, 2, 12], [3, 9], [2, 8, 2]]
tc: [[0, 0, 0, 0, 0], [0, 0, 0], [1, 0, 0, 0, 0], [0, 0, 2], [0, 0, 1], [0, 1], [0, 1, 0]]
score: 0.0010011002
----------------------------------------------------------------
isp: [[0, 2, 0, 0, 1], [0, 1, 2], [5, 9, 1, 0, 0], [1, 0, 26], [0, 2, 12], [3, 9], [2, 8, 2]]
tc: [[0, 0, 0, 0, 0], [0, 0, 0], [0, 0, 0, 0, 0], [0, 0, 0], [0, 0, 0], [0, 1], [0, 1, 0]]
score: 1.1E-6
----------------------------------------------------------------
isp: [[0, 2, 0, 0, 1], [0, 1, 2], [5, 9, 1, 0, 0], [1, 0, 26], [0, 2, 12], [3, 9], [2, 8, 2]]
tc: [[0, 0, 0, 0, 0], [0, 0, 0], [0, 0, 0, 0, 0], [0, 0, 1], [0, 0, 1], [1, 0], [0, 1, 0]]
score: 0.100001
----------------------------------------------------------------
isp: [[0, 2, 0, 0, 1], [0, 1, 2], [5, 9, 1, 0, 0], [1, 0, 26], [0, 2, 12], [3, 9], [2, 8, 2]]
tc: [[0, 0, 0, 0, 0], [0, 0, 0], [0, 0, 0, 0, 0], [0, 0, 0], [0, 0, 0], [0, 1], [0, 1, 0]]
score: 1.1E-6
----------------------------------------------------------------
isp: [[0, 2, 0, 0, 1], [0, 1, 2], [5, 9, 1, 0, 0], [1, 0, 26], [0, 2, 12], [3, 9], [2, 8, 2]]
tc: [[0, 0, 0, 0, 0], [0, 0, 0], [0, 0, 0, 0, 0], [0, 0, 0], [0, 0, 0], [0, 1], [0, 1, 0]]
score: 1.1E-6

