----------------------------------------------------------------
isp: [[0, 2, 0, 1, 2], [0, 2, 3], [5, 9, 1, 1, 0], [1, 1, 30], [1, 2, 14], [3, 10], [2, 8, 3]]
tc: [[0, 0, 0, 0, 0], [0, 0, 0], [0, 0, 0, 0, 0], [0, 0, 0], [0, 0, 0], [0, 1], [0, 1, 0]]
score: 1.01E-6
----------------------------------------------------------------
isp: [[0, 2, 0, 1, 2], [0, 2, 3], [5, 9, 1, 1, 0], [1, 1, 30], [1, 2, 14], [3, 10], [2, 8, 3]]
tc: [[0, 0, 0, 0, 0], [0, 0, 0], [0, 0, 0, 0, 0], [0, 0, 0], [0, 0, 0], [0, 1], [0, 1, 0]]
score: 1.01E-6
----------------------------------------------------------------
isp: [[0, 2, 0, 1, 2], [0, 2, 3], [5, 9, 1, 1, 0], [1, 1, 30], [1, 2, 14], [3, 10], [2, 8, 3]]
tc: [[0, 0, 0, 0, 0], [0, 0, 0], [0, 0, 0, 0, 0], [0, 0, 3], [0, 0, 2], [0, 1], [0, 1, 0]]
score: 1.0100011E-6
----------------------------------------------------------------
isp: [[0, 2, 0, 1, 2], [0, 2, 3], [5, 9, 1, 1, 0], [1, 1, 30], [1, 2, 14], [3, 10], [2, 8, 3]]
tc: [[0, 0, 0, 0, 0], [0, 0, 0], [1, 1, 0, 0, 0], [0, 0, 4], [0, 0, 2], [1, 0], [0, 1, 0]]
score: 0.1010011
----------------------------------------------------------------
isp: [[0, 2, 0, 1, 2], [0, 2, 3], [5, 9, 1, 1, 0], [1, 1, 30], [1, 2, 14], [3, 10], [2, 8, 3]]
tc: [[0, 0, 0, 0, 0], [0, 0, 0], [0, 1, 0, 0, 0], [0, 0, 1], [0, 0, 1], [0, 1], [0, 1, 0]]
score: 1.110001E-6
----------------------------------------------------------------
isp: [[0, 2, 0, 1, 2], [0, 2, 3], [5, 9, 1, 1, 0], [1, 1, 30], [1, 2, 14], [3, 10], [2, 8, 3]]
tc: [[0, 0, 0, 0, 0], [0, 0, 0], [0, 0, 0, 0, 0], [0, 0, 1], [0, 0, 1], [0, 1], [0, 1, 0]]
score: 1.010001E-6
----------------------------------------------------------------
isp: [[0, 2, 0, 1, 2], [0, 2, 3], [5, 9, 1, 1, 0], [1, 1, 30], [1, 2, 14], [3, 10], [2, 8, 3]]
tc: [[0, 0, 0, 0, 0], [0, 0, 0], [1, 1, 0, 0, 0], [0, 0, 1], [0, 0, 1], [0, 1], [0, 1, 0]]
score: 0.0010011101
----------------------------------------------------------------
isp: [[0, 2, 0, 1, 2], [0, 2, 3], [5, 9, 1, 1, 0], [1, 1, 30], [1, 2, 14], [3, 10], [2, 8, 3]]
tc: [[0, 0, 0, 0, 0], [0, 0, 0], [1, 0, 0, 0, 0], [0, 0, 1], [0, 0, 0], [0, 1], [0, 1, 0]]
score: 0.0010010101
----------------------------------------------------------------
isp: [[0, 2, 0, 1, 2], [0, 2, 3], [5, 9, 1, 1, 0], [1, 1, 30], [1, 2, 14], [3, 10], [2, 8, 3]]
tc: [[0, 0, 0, 0, 0], [0, 0, 0], [0, 0, 0, 0, 0], [0, 0, 1], [0, 0, 0], [0, 1], [0, 1, 0]]
score: 1.01E-6
----------------------------------------------------------------
isp: [[0, 2, 0, 1, 2], [0, 2, 3], [5, 9, 1, 1, 0], [1, 1, 30], [1, 2, 14], [3, 10], [2, 8, 3]]
tc: [[0, 0, 0, 0, 0], [0, 0, 0], [0, 0, 0, 0, 0], [0, 0, 1], [0, 0, 0], [1, 0], [0, 1, 0]]
score: 0.100001

