----------------------------------------------------------------
isp: [[0, 2, 0, 1, 2], [0, 2, 3], [6, 10, 1, 1, 0], [1, 1, 34], [1, 2, 16], [4, 10], [2, 9, 3]]
tc: [[0, 0, 0, 0, 0], [0, 0, 0], [0, 0, 0, 0, 0], [0, 0, 0], [0, 0, 0], [0, 1], [0, 1, 0]]
score: 1.1E-7
----------------------------------------------------------------
isp: [[0, 2, 0, 1, 2], [0, 2, 3], [6, 10, 1, 1, 0], [1, 1, 34], [1, 2, 16], [4, 10], [2, 9, 3]]
tc: [[0, 0, 0, 0, 0], [0, 0, 0], [0, 0, 0, 0, 0], [0, 0, 0], [0, 0, 0], [0, 1], [0, 1, 0]]
score: 1.1E-7
----------------------------------------------------------------
isp: [[0, 2, 0, 1, 2], [0, 2, 3], [6, 10, 1, 1, 0], [1, 1, 34], [1, 2, 16], [4, 10], [2, 9, 3]]
tc: [[0, 0, 0, 0, 0], [0, 0, 0], [0, 0, 0, 0, 0], [0, 0, 0], [0, 0, 0], [0, 1], [0, 1, 0]]
score: 1.1E-7
----------------------------------------------------------------
isp: [[0, 2, 0, 1, 2], [0, 2, 3], [6, 10, 1, 1, 0], [1, 1, 34], [1, 2, 16], [4, 10], [2, 9, 3]]
tc: [[0, 0, 0, 2, 0], [0, 0, 2], [2, 2, 0, 0, 0], [0, 0, 3], [0, 0, 1], [0, 1], [0, 1, 0]]
score: 11.110109
----------------------------------------------------------------
isp: [[0, 2, 0, 1, 2], [0, 2, 3], [6, 10, 1, 1, 0], [1, 1, 34], [1, 2, 16], [4, 10], [2, 9, 3]]
tc: [[0, 0, 0, 0, 0], [0, 0, 0], [0, 0, 0, 0, 0], [0, 0, 1], [0, 0, 1], [0, 1], [0, 1, 0]]
score: 1.1000001E-7
----------------------------------------------------------------
isp: [[0, 2, 0, 1, 2], [0, 2, 3], [6, 10, 1, 1, 0], [1, 1, 34], [1, 2, 16], [4, 10], [2, 9, 3]]
tc: [[0, 0, 0, 0, 0], [0, 0, 0], [0, 0, 0, 0, 0], [0, 0, 1], [0, 0, 1], [0, 1], [0, 1, 0]]
score: 1.1000001E-7
----------------------------------------------------------------
isp: [[0, 2, 0, 1, 2], [0, 2, 3], [6, 10, 1, 1, 0], [1, 1, 34], [1, 2, 16], [4, 10], [2, 9, 3]]
tc: [[0, 0, 0, 0, 0], [0, 0, 0], [0, 1, 0, 0, 0], [0, 0, 1], [0, 0, 0], [0, 1], [0, 1, 0]]
score: 1.2E-7
----------------------------------------------------------------
isp: [[0, 2, 0, 1, 2], [0, 2, 3], [6, 10, 1, 1, 0], [1, 1, 34], [1, 2, 16], [4, 10], [2, 9, 3]]
tc: [[0, 0, 0, 0, 0], [0, 0, 0], [0, 0, 0, 0, 0], [0, 0, 2], [0, 0, 0], [0, 1], [0, 1, 0]]
score: 1.1E-7
----------------------------------------------------------------
isp: [[0, 2, 0, 1, 2], [0, 2, 3], [6, 10, 1, 1, 0], [1, 1, 34], [1, 2, 16], [4, 10], [2, 9, 3]]
tc: [[0, 0, 0, 0, 0], [0, 0, 0], [0, 0, 0, 0, 0], [0, 0, 1], [0, 0, 0], [0, 1], [0, 1, 0]]
score: 1.1E-7
----------------------------------------------------------------
isp: [[0, 2, 0, 1, 2], [0, 2, 3], [6, 10, 1, 1, 0], [1, 1, 34], [1, 2, 16], [4, 10], [2, 9, 3]]
tc: [[0, 0, 0, 0, 0], [0, 0, 0], [0, 0, 0, 0, 0], [0, 0, 1], [0, 0, 1], [1, 0], [0, 1, 0]]
score: 0.010000099

