----------------------------------------------------------------
isp: [[0, 2, 0, 3, 2], [0, 2, 5], [8, 12, 1, 1, 0], [1, 1, 37], [1, 2, 17], [4, 11], [2, 10, 3]]
tc: [[0, 0, 0, 0, 0], [0, 0, 0], [1, 1, 0, 0, 0], [0, 0, 1], [0, 0, 0], [0, 1], [0, 1, 0]]
score: 1.0111E-6
----------------------------------------------------------------
isp: [[0, 2, 0, 3, 2], [0, 2, 5], [8, 12, 1, 1, 0], [1, 1, 37], [1, 2, 17], [4, 11], [2, 10, 3]]
tc: [[0, 0, 0, 0, 0], [0, 0, 0], [0, 0, 0, 0, 0], [0, 0, 0], [0, 0, 0], [0, 1], [0, 1, 0]]
score: 1.1E-8
----------------------------------------------------------------
isp: [[0, 2, 0, 3, 2], [0, 2, 5], [8, 12, 1, 1, 0], [1, 1, 37], [1, 2, 17], [4, 11], [2, 10, 3]]
tc: [[0, 0, 0, 0, 0], [0, 0, 0], [0, 0, 0, 0, 0], [0, 0, 3], [0, 0, 0], [0, 1], [1, 0, 0]]
score: 1.0
----------------------------------------------------------------
isp: [[0, 2, 0, 3, 2], [0, 2, 5], [8, 12, 1, 1, 0], [1, 1, 37], [1, 2, 17], [4, 11], [2, 10, 3]]
tc: [[0, 0, 0, 0, 0], [0, 0, 0], [0, 1, 0, 0, 0], [0, 0, 2], [0, 0, 0], [0, 1], [0, 1, 0]]
score: 1.11E-8
----------------------------------------------------------------
isp: [[0, 2, 0, 3, 2], [0, 2, 5], [8, 12, 1, 1, 0], [1, 1, 37], [1, 2, 17], [4, 11], [2, 10, 3]]
tc: [[0, 0, 0, 0, 0], [0, 0, 0], [0, 1, 0, 0, 0], [0, 0, 2], [0, 0, 1], [0, 1], [0, 1, 0]]
score: 1.1100001E-8
----------------------------------------------------------------
isp: [[0, 2, 0, 3, 2], [0, 2, 5], [8, 12, 1, 1, 0], [1, 1, 37], [1, 2, 17], [4, 11], [2, 10, 3]]
tc: [[0, 0, 0, 0, 0], [0, 0, 0], [1, 0, 0, 0, 0], [0, 0, 3], [0, 0, 1], [0, 1], [0, 1, 0]]
score: 1.011E-6
----------------------------------------------------------------
isp: [[0, 2, 0, 3, 2], [0, 2, 5], [8, 12, 1, 1, 0], [1, 1, 37], [1, 2, 17], [4, 11], [2, 10, 3]]
tc: [[0, 0, 0, 0, 0], [0, 0, 0], [0, 0, 0, 0, 0], [0, 0, 1], [0, 0, 1], [0, 1], [0, 1, 0]]
score: 1.1000001E-8
----------------------------------------------------------------
isp: [[0, 2, 0, 3, 2], [0, 2, 5], [8, 12, 1, 1, 0], [1, 1, 37], [1, 2, 17], [4, 11], [2, 10, 3]]
tc: [[0, 0, 0, 0, 0], [0, 0, 0], [1, 1, 0, 0, 0], [0, 0, 4], [0, 0, 2], [0, 1], [0, 0, 1]]
score: 0.100001
----------------------------------------------------------------
isp: [[0, 2, 0, 3, 2], [0, 2, 5], [8, 12, 1, 1, 0], [1, 1, 37], [1, 2, 17], [4, 11], [2, 10, 3]]
tc: [[0, 0, 0, 0, 0], [0, 0, 0], [0, 0, 0, 0, 0], [0, 0, 1], [0, 0, 1], [0, 1], [0, 1, 0]]
score: 1.1000001E-8
----------------------------------------------------------------
isp: [[0, 2, 0, 3, 2], [0, 2, 5], [8, 12, 1, 1, 0], [1, 1, 37], [1, 2, 17], [4, 11], [2, 10, 3]]
tc: [[0, 0, 0, 0, 0], [0, 0, 0], [0, 0, 0, 0, 0], [0, 0, 4], [0, 0, 2], [0, 1], [0, 0, 1]]
score: 0.1

