----------------------------------------------------------------
isp: [[0, 2, 0, 3, 2], [0, 2, 5], [8, 12, 1, 1, 0], [1, 1, 40], [1, 2, 17], [4, 12], [3, 10, 3]]
tc: [[0, 0, 0, 0, 0], [0, 0, 0], [0, 0, 0, 0, 0], [0, 0, 3], [0, 0, 1], [1, 0], [0, 1, 0]]
score: 0.01000001
----------------------------------------------------------------
isp: [[0, 2, 0, 3, 2], [0, 2, 5], [8, 12, 1, 1, 0], [1, 1, 40], [1, 2, 17], [4, 12], [3, 10, 3]]
tc: [[0, 0, 0, 0, 0], [0, 0, 0], [0, 1, 0, 0, 0], [0, 0, 6], [0, 0, 1], [1, 0], [1, 0, 0]]
score: 0.11
----------------------------------------------------------------
isp: [[0, 2, 0, 3, 2], [0, 2, 5], [8, 12, 1, 1, 0], [1, 1, 40], [1, 2, 17], [4, 12], [3, 10, 3]]
tc: [[0, 0, 0, 0, 0], [0, 0, 0], [0, 0, 0, 0, 0], [0, 0, 0], [0, 0, 0], [0, 1], [0, 1, 0]]
score: 1.01E-8
----------------------------------------------------------------
isp: [[0, 2, 0, 3, 2], [0, 2, 5], [8, 12, 1, 1, 0], [1, 1, 40], [1, 2, 17], [4, 12], [3, 10, 3]]
tc: [[0, 0, 0, 0, 0], [0, 0, 0], [1, 0, 0, 0, 0], [0, 0, 2], [0, 0, 1], [0, 1], [0, 1, 0]]
score: 1.0101E-6
----------------------------------------------------------------
isp: [[0, 2, 0, 3, 2], [0, 2, 5], [8, 12, 1, 1, 0], [1, 1, 40], [1, 2, 17], [4, 12], [3, 10, 3]]
tc: [[0, 0, 0, 0, 0], [0, 0, 0], [0, 0, 0, 0, 0], [0, 0, 0], [0, 0, 0], [0, 1], [0, 1, 0]]
score: 1.01E-8
----------------------------------------------------------------
isp: [[0, 2, 0, 3, 2], [0, 2, 5], [8, 12, 1, 1, 0], [1, 1, 40], [1, 2, 17], [4, 12], [3, 10, 3]]
tc: [[0, 0, 0, 0, 0], [0, 0, 0], [1, 0, 0, 0, 0], [0, 0, 1], [0, 0, 1], [0, 1], [0, 1, 0]]
score: 1.0101E-6
----------------------------------------------------------------
isp: [[0, 2, 0, 3, 2], [0, 2, 5], [8, 12, 1, 1, 0], [1, 1, 40], [1, 2, 17], [4, 12], [3, 10, 3]]
tc: [[0, 0, 0, 0, 0], [0, 0, 0], [0, 0, 0, 0, 0], [0, 0, 0], [0, 0, 0], [0, 1], [0, 1, 0]]
score: 1.01E-8
----------------------------------------------------------------
isp: [[0, 2, 0, 3, 2], [0, 2, 5], [8, 12, 1, 1, 0], [1, 1, 40], [1, 2, 17], [4, 12], [3, 10, 3]]
tc: [[0, 0, 0, 0, 0], [0, 0, 0], [0, 0, 0, 0, 0], [0, 0, 0], [0, 0, 0], [0, 1], [0, 1, 0]]
score: 1.01E-8
----------------------------------------------------------------
isp: [[0, 2, 0, 3, 2], [0, 2, 5], [8, 12, 1, 1, 0], [1, 1, 40], [1, 2, 17], [4, 12], [3, 10, 3]]
tc: [[1, 0, 0, 0, 0], [0, 1, 0], [0, 0, 0, 0, 0], [0, 0, 3], [0, 1, 0], [0, 1], [0, 1, 0]]
score: 102.0
----------------------------------------------------------------
isp: [[0, 2, 0, 3, 2], [0, 2, 5], [8, 12, 1, 1, 0], [1, 1, 40], [1, 2, 17], [4, 12], [3, 10, 3]]
tc: [[0, 0, 0, 0, 0], [0, 0, 0], [0, 0, 0, 0, 0], [0, 0, 1], [0, 0, 1], [0, 1], [0, 1, 0]]
score: 1.0100001E-8

