----------------------------------------------------------------
isp: [[1, 2, 0, 3, 2], [0, 3, 5], [8, 12, 1, 1, 0], [1, 1, 43], [1, 3, 17], [4, 13], [3, 11, 3]]
tc: [[0, 0, 0, 0, 0], [0, 0, 0], [0, 0, 0, 0, 0], [0, 0, 1], [0, 0, 1], [0, 1], [0, 1, 0]]
score: 1.010001E-9
----------------------------------------------------------------
isp: [[1, 2, 0, 3, 2], [0, 3, 5], [8, 12, 1, 1, 0], [1, 1, 43], [1, 3, 17], [4, 13], [3, 11, 3]]
tc: [[0, 0, 0, 0, 0], [0, 0, 0], [0, 1, 0, 0, 0], [0, 0, 1], [0, 0, 0], [0, 1], [0, 1, 0]]
score: 1.11E-9
----------------------------------------------------------------
isp: [[1, 2, 0, 3, 2], [0, 3, 5], [8, 12, 1, 1, 0], [1, 1, 43], [1, 3, 17], [4, 13], [3, 11, 3]]
tc: [[0, 0, 0, 0, 0], [0, 0, 0], [0, 0, 0, 0, 0], [0, 0, 0], [0, 0, 0], [0, 1], [0, 1, 0]]
score: 1.01E-9
----------------------------------------------------------------
isp: [[1, 2, 0, 3, 2], [0, 3, 5], [8, 12, 1, 1, 0], [1, 1, 43], [1, 3, 17], [4, 13], [3, 11, 3]]
tc: [[0, 0, 0, 0, 0], [0, 0, 0], [0, 0, 0, 0, 0], [0, 0, 1], [0, 0, 0], [0, 1], [0, 1, 0]]
score: 1.01E-9
----------------------------------------------------------------
isp: [[1, 2, 0, 3, 2], [0, 3, 5], [8, 12, 1, 1, 0], [1, 1, 43], [1, 3, 17], [4, 13], [3, 11, 3]]
tc: [[0, 0, 0, 0, 0], [0, 0, 0], [0, 0, 0, 0, 0], [0, 0, 3], [0, 0, 2], [0, 1], [1, 0, 0]]
score: 0.1
----------------------------------------------------------------
isp: [[1, 2, 0, 3, 2], [0, 3, 5], [8, 12, 1, 1, 0], [1, 1, 43], [1, 3, 17], [4, 13], [3, 11, 3]]
tc: [[0, 0, 0, 0, 0], [0, 0, 0], [1, 1, 0, 0, 0], [0, 0, 2], [0, 0, 1], [0, 1], [0, 0, 1]]
score: 0.100001
----------------------------------------------------------------
isp: [[1, 2, 0, 3, 2], [0, 3, 5], [8, 12, 1, 1, 0], [1, 1, 43], [1, 3, 17], [4, 13], [3, 11, 3]]
tc: [[0, 0, 0, 0, 0], [0, 0, 0], [0, 0, 0, 0, 0], [0, 0, 1], [0, 0, 0], [1, 0], [0, 1, 0]]
score: 0.010000001
----------------------------------------------------------------
isp: [[1, 2, 0, 3, 2], [0, 3, 5], [8, 12, 1, 1, 0], [1, 1, 43], [1, 3, 17], [4, 13], [3, 11, 3]]
tc: [[0, 0, 0, 0, 0], [0, 0, 0], [0, 2, 0, 0, 0], [0, 0, 2], [0, 0, 0], [0, 1], [0, 1, 0]]
score: 1.12E-9
----------------------------------------------------------------
isp: [[1, 2, 0, 3, 2], [0, 3, 5], [8, 12, 1, 1, 0], [1, 1, 43], [1, 3, 17], [4, 13], [3, 11, 3]]
tc: [[0, 0, 0, 0, 0], [0, 0, 0], [2, 1, 0, 0, 0], [0, 0, 2], [0, 0, 0], [0, 1], [0, 1, 0]]
score: 1.10111E-6
----------------------------------------------------------------
isp: [[1, 2, 0, 3, 2], [0, 3, 5], [8, 12, 1, 1, 0], [1, 1, 43], [1, 3, 17], [4, 13], [3, 11, 3]]
tc: [[0, 0, 0, 0, 0], [0, 0, 0], [0, 1, 0, 0, 0], [0, 0, 1], [0, 0, 1], [0, 1], [0, 1, 0]]
score: 1.110001E-9

