----------------------------------------------------------------
isp: [[1, 2, 0, 3, 2], [0, 3, 5], [9, 13, 1, 1, 0], [1, 1, 45], [1, 3, 18], [4, 14], [3, 11, 4]]
tc: [[0, 0, 0, 0, 0], [0, 0, 0], [0, 0, 0, 0, 0], [0, 0, 1], [0, 0, 1], [0, 1], [0, 1, 0]]
score: 1.0010001E-9
----------------------------------------------------------------
isp: [[1, 2, 0, 3, 2], [0, 3, 5], [9, 13, 1, 1, 0], [1, 1, 45], [1, 3, 18], [4, 14], [3, 11, 4]]
tc: [[0, 0, 0, 0, 0], [0, 0, 0], [0, 0, 0, 0, 0], [0, 0, 0], [0, 0, 0], [0, 1], [0, 1, 0]]
score: 1.001E-9
----------------------------------------------------------------
isp: [[1, 2, 0, 3, 2], [0, 3, 5], [9, 13, 1, 1, 0], [1, 1, 45], [1, 3, 18], [4, 14], [3, 11, 4]]
tc: [[0, 0, 0, 0, 0], [0, 0, 0], [0, 0, 0, 0, 0], [0, 0, 0], [0, 0, 0], [0, 1], [0, 1, 0]]
score: 1.001E-9
----------------------------------------------------------------
isp: [[1, 2, 0, 3, 2], [0, 3, 5], [9, 13, 1, 1, 0], [1, 1, 45], [1, 3, 18], [4, 14], [3, 11, 4]]
tc: [[0, 0, 0, 0, 0], [0, 0, 0], [0, 0, 0, 0, 0], [0, 0, 0], [0, 0, 0], [0, 1], [0, 1, 0]]
score: 1.001E-9
----------------------------------------------------------------
isp: [[1, 2, 0, 3, 2], [0, 3, 5], [9, 13, 1, 1, 0], [1, 1, 45], [1, 3, 18], [4, 14], [3, 11, 4]]
tc: [[0, 0, 0, 0, 0], [0, 0, 0], [0, 0, 0, 0, 0], [0, 0, 1], [0, 0, 0], [0, 1], [0, 1, 0]]
score: 1.001E-9
----------------------------------------------------------------
isp: [[1, 2, 0, 3, 2], [0, 3, 5], [9, 13, 1, 1, 0], [1, 1, 45], [1, 3, 18], [4, 14], [3, 11, 4]]
tc: [[0, 1, 0, 0, 0], [0, 0, 1], [0, 0, 0, 0, 0], [0, 0, 3], [0, 0, 1], [0, 1], [0, 1, 0]]
score: 1.001
----------------------------------------------------------------
isp: [[1, 2, 0, 3, 2], [0, 3, 5], [9, 13, 1, 1, 0], [1, 1, 45], [1, 3, 18], [4, 14], [3, 11, 4]]
tc: [[0, 0, 0, 0, 0], [0, 0, 0], [0, 0, 0, 0, 0], [0, 0, 1], [0, 0, 1], [0, 1], [0, 0, 1]]
score: 0.01
----------------------------------------------------------------
isp: [[1, 2, 0, 3, 2], [0, 3, 5], [9, 13, 1, 1, 0], [1, 1, 45], [1, 3, 18], [4, 14], [3, 11, 4]]
tc: [[0, 0, 0, 0, 0], [0, 0, 0], [0, 0, 0, 0, 0], [0, 0, 0], [0, 0, 0], [0, 1], [0, 1, 0]]
score: 1.001E-9
----------------------------------------------------------------
isp: [[1, 2, 0, 3, 2], [0, 3, 5], [9, 13, 1, 1, 0], [1, 1, 45], [1, 3, 18], [4, 14], [3, 11, 4]]
tc: [[0, 0, 0, 0, 0], [0, 0, 0], [0, 1, 0, 0, 0], [0, 0, 2], [0, 0, 1], [0, 1], [0, 1, 0]]
score: 1.0110001E-9
----------------------------------------------------------------
isp: [[1, 2, 0, 3, 2], [0, 3, 5], [9, 13, 1, 1, 0], [1, 1, 45], [1, 3, 18], [4, 14], [3, 11, 4]]
tc: [[0, 0, 0, 0, 0], [0, 0, 0], [0, 1, 0, 0, 0], [0, 0, 4], [0, 0, 0], [1, 0], [0, 1, 0]]
score: 0.010000001

