----------------------------------------------------------------
isp: [[0, 0, 0, 1, 0], [0, 0, 1], [2, 1, 0, 0, 0], [0, 0, 4], [0, 0, 4], [0, 2], [0, 2, 0]]
tc: [[0, 0, 0, 0, 0], [0, 0, 0], [0, 0, 0, 0, 0], [0, 0, 3], [0, 0, 1], [0, 1], [0, 1, 0]]
score: 2.0211
----------------------------------------------------------------
isp: [[0, 0, 0, 1, 0], [0, 0, 1], [2, 1, 0, 0, 0], [0, 0, 4], [0, 0, 4], [0, 2], [0, 2, 0]]
tc: [[0, 0, 0, 0, 0], [0, 0, 0], [0, 0, 0, 0, 0], [0, 0, 0], [0, 0, 0], [0, 1], [0, 1, 0]]
score: 2.0
----------------------------------------------------------------
isp: [[0, 0, 0, 1, 0], [0, 0, 1], [2, 1, 0, 0, 0], [0, 0, 4], [0, 0, 4], [0, 2], [0, 2, 0]]
tc: [[0, 0, 0, 0, 0], [0, 0, 0], [0, 0, 0, 0, 0], [0, 0, 1], [0, 0, 1], [1, 0], [0, 1, 0]]
score: 101.02
----------------------------------------------------------------
isp: [[0, 0, 0, 1, 0], [0, 0, 1], [2, 1, 0, 0, 0], [0, 0, 4], [0, 0, 4], [0, 2], [0, 2, 0]]
tc: [[0, 0, 0, 0, 0], [0, 0, 0], [2, 0, 0, 0, 0], [0, 0, 1], [0, 0, 0], [0, 1], [0, 1, 0]]
score: 3.1100001
----------------------------------------------------------------
isp: [[0, 0, 0, 1, 0], [0, 0, 1], [2, 1, 0, 0, 0], [0, 0, 4], [0, 0, 4], [0, 2], [0, 2, 0]]
tc: [[0, 0, 0, 0, 0], [0, 0, 0], [1, 1, 0, 0, 0], [0, 0, 1], [0, 0, 1], [0, 1], [0, 1, 0]]
score: 13.02
----------------------------------------------------------------
isp: [[0, 0, 0, 1, 0], [0, 0, 1], [2, 1, 0, 0, 0], [0, 0, 4], [0, 0, 4], [0, 2], [0, 2, 0]]
tc: [[0, 0, 0, 0, 0], [0, 0, 0], [0, 0, 0, 0, 0], [0, 0, 2], [0, 0, 0], [1, 0], [0, 1, 0]]
score: 101.011
----------------------------------------------------------------
isp: [[0, 0, 0, 1, 0], [0, 0, 1], [2, 1, 0, 0, 0], [0, 0, 4], [0, 0, 4], [0, 2], [0, 2, 0]]
tc: [[0, 0, 0, 0, 0], [0, 0, 0], [0, 0, 0, 0, 0], [0, 0, 0], [0, 0, 0], [0, 1], [0, 1, 0]]
score: 2.0
----------------------------------------------------------------
isp: [[0, 0, 0, 1, 0], [0, 0, 1], [2, 1, 0, 0, 0], [0, 0, 4], [0, 0, 4], [0, 2], [0, 2, 0]]
tc: [[0, 0, 0, 0, 0], [0, 0, 0], [0, 1, 0, 0, 0], [0, 0, 1], [0, 0, 0], [0, 1], [0, 1, 0]]
score: 12.01
----------------------------------------------------------------
isp: [[0, 0, 0, 1, 0], [0, 0, 1], [2, 1, 0, 0, 0], [0, 0, 4], [0, 0, 4], [0, 2], [0, 2, 0]]
tc: [[1, 0, 0, 0, 0], [0, 1, 0], [0, 1, 0, 0, 0], [0, 0, 4], [0, 1, 0], [0, 1], [0, 1, 0]]
score: 312.0111
----------------------------------------------------------------
isp: [[0, 0, 0, 1, 0], [0, 0, 1], [2, 1, 0, 0, 0], [0, 0, 4], [0, 0, 4], [0, 2], [0, 2, 0]]
tc: [[0, 0, 0, 0, 0], [0, 0, 0], [0, 0, 0, 0, 0], [0, 0, 1], [0, 0, 0], [0, 1], [0, 1, 0]]
score: 2.01

