----------------------------------------------------------------
isp: [[1, 0, 0, 1, 0], [0, 1, 1], [2, 2, 0, 0, 0], [0, 0, 8], [0, 1, 4], [0, 3], [0, 3, 0]]
tc: [[0, 0, 0, 0, 0], [0, 0, 0], [0, 0, 0, 0, 0], [0, 0, 0], [0, 0, 0], [0, 1], [0, 1, 0]]
score: 0.2
----------------------------------------------------------------
isp: [[1, 0, 0, 1, 0], [0, 1, 1], [2, 2, 0, 0, 0], [0, 0, 8], [0, 1, 4], [0, 3], [0, 3, 0]]
tc: [[0, 0, 0, 0, 0], [0, 0, 0], [0, 0, 0, 0, 0], [0, 0, 1], [0, 0, 1], [0, 1], [0, 1, 0]]
score: 0.21000099
----------------------------------------------------------------
isp: [[1, 0, 0, 1, 0], [0, 1, 1], [2, 2, 0, 0, 0], [0, 0, 8], [0, 1, 4], [0, 3], [0, 3, 0]]
tc: [[0, 0, 0, 0, 0], [0, 0, 0], [0, 1, 0, 0, 0], [0, 0, 2], [0, 0, 1], [0, 1], [0, 0, 1]]
score: 101.11
----------------------------------------------------------------
isp: [[1, 0, 0, 1, 0], [0, 1, 1], [2, 2, 0, 0, 0], [0, 0, 8], [0, 1, 4], [0, 3], [0, 3, 0]]
tc: [[0, 0, 0, 0, 0], [0, 0, 0], [1, 1, 0, 0, 0], [0, 0, 2], [0, 0, 1], [0, 1], [0, 1, 0]]
score: 2.210001
----------------------------------------------------------------
isp: [[1, 0, 0, 1, 0], [0, 1, 1], [2, 2, 0, 0, 0], [0, 0, 8], [0, 1, 4], [0, 3], [0, 3, 0]]
tc: [[0, 0, 0, 0, 0], [0, 0, 0], [0, 0, 0, 0, 0], [0, 0, 1], [0, 0, 1], [0, 1], [0, 1, 0]]
score: 0.21000099
----------------------------------------------------------------
isp: [[1, 0, 0, 1, 0], [0, 1, 1], [2, 2, 0, 0, 0], [0, 0, 8], [0, 1, 4], [0, 3], [0, 3, 0]]
tc: [[0, 0, 0, 0, 0], [0, 0, 0], [0, 0, 0, 0, 0], [0, 0, 1], [0, 0, 1], [0, 1], [0, 1, 0]]
score: 0.21000099
----------------------------------------------------------------
isp: [[1, 0, 0, 1, 0], [0, 1, 1], [2, 2, 0, 0, 0], [0, 0, 8], [0, 1, 4], [0, 3], [0, 3, 0]]
tc: [[0, 0, 0, 0, 0], [0, 0, 0], [0, 1, 0, 0, 0], [0, 0, 4], [0, 0, 1], [0, 1], [0, 1, 0]]
score: 1.2100011
----------------------------------------------------------------
isp: [[1, 0, 0, 1, 0], [0, 1, 1], [2, 2, 0, 0, 0], [0, 0, 8], [0, 1, 4], [0, 3], [0, 3, 0]]
tc: [[0, 0, 0, 0, 0], [0, 0, 0], [0, 2, 0, 0, 0], [0, 0, 2], [0, 0, 0], [0, 1], [0, 1, 0]]
score: 1.3000011
----------------------------------------------------------------
isp: [[1, 0, 0, 1, 0], [0, 1, 1], [2, 2, 0, 0, 0], [0, 0, 8], [0, 1, 4], [0, 3], [0, 3, 0]]
tc: [[0, 0, 0, 0, 0], [0, 0, 0], [0, 0, 0, 0, 0], [0, 0, 0], [0, 0, 0], [0, 1], [0, 1, 0]]
score: 0.2
----------------------------------------------------------------
isp: [[1, 0, 0, 1, 0], [0, 1, 1], [2, 2, 0, 0, 0], [0, 0, 8], [0, 1, 4], [0, 3], [0, 3, 0]]
tc: [[0, 0, 0, 0, 0], [0, 0, 0], [0, 0, 0, 0, 0], [0, 0, 1], [0, 0, 0], [0, 1], [0, 1, 0]]
score: 0.200001

