----------------------------------------------------------------
isp: [[0, 1, 0, 0, 1], [0, 1, 1], [2, 2, 1, 0, 0], [1, 0, 9], [0, 2, 4], [1, 3], [0, 4, 0]]
tc: [[0, 0, 0, 0, 0], [0, 0, 0], [0, 0, 0, 0, 0], [0, 0, 2], [0, 0, 0], [0, 1], [0, 1, 0]]
score: 0.11000011
----------------------------------------------------------------
isp: [[0, 1, 0, 0, 1], [0, 1, 1], [2, 2, 1, 0, 0], [1, 0, 9], [0, 2, 4], [1, 3], [0, 4, 0]]
tc: [[0, 0, 0, 0, 0], [0, 0, 0], [0, 0, 0, 0, 0], [0, 0, 1], [0, 0, 1], [0, 1], [0, 1, 0]]
score: 0.1200001
----------------------------------------------------------------
isp: [[0, 1, 0, 0, 1], [0, 1, 1], [2, 2, 1, 0, 0], [1, 0, 9], [0, 2, 4], [1, 3], [0, 4, 0]]
tc: [[0, 0, 0, 0, 0], [0, 0, 0], [0, 0, 0, 0, 0], [0, 0, 0], [0, 0, 0], [0, 1], [0, 1, 0]]
score: 0.11
----------------------------------------------------------------
isp: [[0, 1, 0, 0, 1], [0, 1, 1], [2, 2, 1, 0, 0], [1, 0, 9], [0, 2, 4], [1, 3], [0, 4, 0]]
tc: [[0, 0, 0, 0, 0], [0, 0, 0], [0, 0, 0, 0, 0], [0, 0, 0], [0, 0, 0], [0, 1], [0, 1, 0]]
score: 0.11
----------------------------------------------------------------
isp: [[0, 1, 0, 0, 1], [0, 1, 1], [2, 2, 1, 0, 0], [1, 0, 9], [0, 2, 4], [1, 3], [0, 4, 0]]
tc: [[0, 0, 0, 0, 0], [0, 0, 0], [1, 2, 0, 0, 0], [0, 0, 1], [0, 0, 0], [0, 1], [0, 1, 0]]
score: 2.2099998
----------------------------------------------------------------
isp: [[0, 1, 0, 0, 1], [0, 1, 1], [2, 2, 1, 0, 0], [1, 0, 9], [0, 2, 4], [1, 3], [0, 4, 0]]
tc: [[0, 0, 0, 0, 0], [0, 0, 0], [0, 0, 0, 0, 0], [0, 0, 3], [0, 0, 1], [0, 1], [0, 1, 0]]
score: 0.12000011
----------------------------------------------------------------
isp: [[0, 1, 0, 0, 1], [0, 1, 1], [2, 2, 1, 0, 0], [1, 0, 9], [0, 2, 4], [1, 3], [0, 4, 0]]
tc: [[0, 0, 0, 0, 0], [0, 0, 0], [0, 0, 0, 0, 0], [0, 0, 2], [0, 0, 2], [0, 1], [0, 1, 0]]
score: 0.12100011
----------------------------------------------------------------
isp: [[0, 1, 0, 0, 1], [0, 1, 1], [2, 2, 1, 0, 0], [1, 0, 9], [0, 2, 4], [1, 3], [0, 4, 0]]
tc: [[0, 0, 0, 0, 0], [0, 0, 0], [0, 0, 0, 0, 0], [0, 0, 2], [0, 0, 1], [0, 1], [0, 1, 0]]
score: 0.12000011
----------------------------------------------------------------
isp: [[0, 1, 0, 0, 1], [0, 1, 1], [2, 2, 1, 0, 0], [1, 0, 9], [0, 2, 4], [1, 3], [0, 4, 0]]
tc: [[0, 0, 0, 0, 0], [0, 0, 0], [0, 1, 0, 0, 0], [0, 0, 1], [0, 0, 1], [0, 1], [0, 1, 0]]
score: 1.1200001
----------------------------------------------------------------
isp: [[0, 1, 0, 0, 1], [0, 1, 1], [2, 2, 1, 0, 0], [1, 0, 9], [0, 2, 4], [1, 3], [0, 4, 0]]
tc: [[0, 0, 0, 0, 0], [0, 0, 0], [1, 0, 0, 0, 0], [0, 0, 2], [0, 0, 0], [0, 1], [0, 1, 0]]
score: 1.1100001

