----------------------------------------------------------------
isp: [[0, 1, 0, 0, 1], [0, 1, 1], [3, 4, 1, 0, 0], [1, 0, 10], [0, 2, 4], [1, 4], [0, 5, 0]]
tc: [[0, 0, 0, 0, 0], [0, 0, 0], [0, 0, 0, 0, 0], [0, 0, 0], [0, 0, 0], [0, 1], [0, 1, 0]]
score: 0.011
----------------------------------------------------------------
isp: [[0, 1, 0, 0, 1], [0, 1, 1], [3, 4, 1, 0, 0], [1, 0, 10], [0, 2, 4], [1, 4], [0, 5, 0]]
tc: [[0, 0, 0, 0, 0], [0, 0, 0], [0, 3, 0, 0, 0], [0, 0, 2], [0, 0, 1], [0, 1], [0, 1, 0]]
score: 0.03210001
----------------------------------------------------------------
isp: [[0, 1, 0, 0, 1], [0, 1, 1], [3, 4, 1, 0, 0], [1, 0, 10], [0, 2, 4], [1, 4], [0, 5, 0]]
tc: [[0, 0, 0, 0, 0], [0, 0, 0], [0, 0, 0, 0, 0], [0, 0, 2], [0, 0, 0], [0, 1], [0, 1, 0]]
score: 0.011000011
----------------------------------------------------------------
isp: [[0, 1, 0, 0, 1], [0, 1, 1], [3, 4, 1, 0, 0], [1, 0, 10], [0, 2, 4], [1, 4], [0, 5, 0]]
tc: [[0, 0, 0, 0, 0], [0, 0, 0], [0, 1, 0, 0, 0], [0, 0, 1], [0, 0, 1], [0, 1], [0, 1, 0]]
score: 0.03100001
----------------------------------------------------------------
isp: [[0, 1, 0, 0, 1], [0, 1, 1], [3, 4, 1, 0, 0], [1, 0, 10], [0, 2, 4], [1, 4], [0, 5, 0]]
tc: [[0, 0, 0, 0, 0], [0, 0, 0], [0, 0, 0, 0, 0], [0, 0, 0], [0, 0, 0], [0, 1], [0, 1, 0]]
score: 0.011
----------------------------------------------------------------
isp: [[0, 1, 0, 0, 1], [0, 1, 1], [3, 4, 1, 0, 0], [1, 0, 10], [0, 2, 4], [1, 4], [0, 5, 0]]
tc: [[0, 0, 0, 0, 0], [0, 0, 0], [0, 0, 0, 0, 0], [0, 0, 0], [0, 0, 0], [0, 1], [0, 1, 0]]
score: 0.011
----------------------------------------------------------------
isp: [[0, 1, 0, 0, 1], [0, 1, 1], [3, 4, 1, 0, 0], [1, 0, 10], [0, 2, 4], [1, 4], [0, 5, 0]]
tc: [[0, 0, 0, 0, 0], [0, 0, 0], [0, 0, 0, 0, 0], [0, 0, 2], [0, 0, 1], [0, 1], [0, 1, 0]]
score: 0.02100001
----------------------------------------------------------------
isp: [[0, 1, 0, 0, 1], [0, 1, 1], [3, 4, 1, 0, 0], [1, 0, 10], [0, 2, 4], [1, 4], [0, 5, 0]]
tc: [[0, 0, 0, 0, 0], [0, 0, 0], [0, 0, 0, 0, 0], [0, 0, 0], [0, 0, 0], [0, 1], [0, 1, 0]]
score: 0.011
----------------------------------------------------------------
isp: [[0, 1, 0, 0, 1], [0, 1, 1], [3, 4, 1, 0, 0], [1, 0, 10], [0, 2, 4], [1, 4], [0, 5, 0]]
tc: [[0, 0, 0, 0, 0], [0, 0, 0], [0, 0, 0, 0, 0], [0, 0, 0], [0, 0, 0], [0, 1], [0, 1, 0]]
score: 0.011
----------------------------------------------------------------
isp: [[0, 1, 0, 0, 1], [0, 1, 1], [3, 4, 1, 0, 0], [1, 0, 10], [0, 2, 4], [1, 4], [0, 5, 0]]
tc: [[0, 0, 0, 0, 0], [0, 0, 0], [0, 0, 0, 0, 0], [0, 0, 2], [0, 0, 1], [0, 1], [0, 1, 0]]
score: 0.02100001

