----------------------------------------------------------------
isp: [[0, 1, 0, 0, 1], [0, 1, 1], [3, 7, 1, 0, 0], [1, 0, 12], [0, 2, 5], [1, 5], [0, 6, 0]]
tc: [[0, 0, 0, 0, 0], [0, 0, 0], [0, 0, 0, 0, 0], [0, 0, 1], [0, 0, 1], [0, 1], [0, 1, 0]]
score: 0.0021000004
----------------------------------------------------------------
isp: [[0, 1, 0, 0, 1], [0, 1, 1], [3, 7, 1, 0, 0], [1, 0, 12], [0, 2, 5], [1, 5], [0, 6, 0]]
tc: [[0, 0, 0, 0, 0], [0, 0, 0], [1, 0, 0, 0, 0], [0, 0, 1], [0, 0, 0], [0, 1], [0, 1, 0]]
score: 0.101100005
----------------------------------------------------------------
isp: [[0, 1, 0, 0, 1], [0, 1, 1], [3, 7, 1, 0, 0], [1, 0, 12], [0, 2, 5], [1, 5], [0, 6, 0]]
tc: [[0, 0, 0, 0, 0], [0, 0, 0], [0, 0, 0, 0, 0], [0, 0, 1], [0, 0, 0], [0, 1], [0, 0, 1]]
score: 100.001
----------------------------------------------------------------
isp: [[0, 1, 0, 0, 1], [0, 1, 1], [3, 7, 1, 0, 0], [1, 0, 12], [0, 2, 5], [1, 5], [0, 6, 0]]
tc: [[0, 0, 0, 0, 0], [0, 0, 0], [0, 0, 0, 0, 0], [0, 0, 1], [0, 0, 1], [0, 1], [0, 1, 0]]
score: 0.0021000004
----------------------------------------------------------------
isp: [[0, 1, 0, 0, 1], [0, 1, 1], [3, 7, 1, 0, 0], [1, 0, 12], [0, 2, 5], [1, 5], [0, 6, 0]]
tc: [[0, 0, 0, 0, 0], [0, 0, 0], [0, 0, 0, 0, 0], [0, 0, 1], [0, 0, 1], [0, 1], [0, 1, 0]]
score: 0.0021000004
----------------------------------------------------------------
isp: [[0, 1, 0, 0, 1], [0, 1, 1], [3, 7, 1, 0, 0], [1, 0, 12], [0, 2, 5], [1, 5], [0, 6, 0]]
tc: [[0, 0, 0, 0, 0], [0, 0, 0], [0, 0, 0, 0, 0], [0, 0, 3], [0, 0, 1], [1, 0], [0, 0, 1]]
score: 110.001
----------------------------------------------------------------
isp: [[0, 1, 0, 0, 1], [0, 1, 1], [3, 7, 1, 0, 0], [1, 0, 12], [0, 2, 5], [1, 5], [0, 6, 0]]
tc: [[0, 0, 0, 0, 0], [0, 0, 0], [0, 0, 0, 0, 0], [0, 0, 0], [0, 0, 0], [0, 1], [0, 1, 0]]
score: 0.0011
----------------------------------------------------------------
isp: [[0, 1, 0, 0, 1], [0, 1, 1], [3, 7, 1, 0, 0], [1, 0, 12], [0, 2, 5], [1, 5], [0, 6, 0]]
tc: [[0, 0, 0, 0, 0], [0, 0, 0], [1, 0, 0, 0, 0], [0, 0, 1], [0, 0, 1], [0, 1], [0, 1, 0]]
score: 0.10210001
----------------------------------------------------------------
isp: [[0, 1, 0, 0, 1], [0, 1, 1], [3, 7, 1, 0, 0], [1, 0, 12], [0, 2, 5], [1, 5], [0, 6, 0]]
tc: [[0, 0, 0, 0, 0], [0, 0, 0], [1, 1, 0, 0, 0], [0, 0, 1], [0, 0, 1], [0, 1], [0, 1, 0]]
score: 0.102110006
----------------------------------------------------------------
isp: [[0, 1, 0, 0, 1], [0, 1, 1], [3, 7, 1, 0, 0], [1, 0, 12], [0, 2, 5], [1, 5], [0, 6, 0]]
tc: [[0, 0, 0, 0, 0], [0, 0, 0], [0, 0, 0, 0, 0], [0, 0, 2], [0, 0, 0], [0, 1], [0, 1, 0]]
score: 0.0011000001

