----------------------------------------------------------------
isp: [[0, 1, 0, 0, 1], [0, 1, 1], [3, 7, 1, 0, 0], [1, 0, 15], [0, 2, 6], [2, 5], [0, 6, 1]]
tc: [[0, 0, 0, 0, 0], [0, 0, 0], [0, 0, 0, 0, 0], [0, 0, 1], [0, 0, 0], [0, 1], [0, 1, 0]]
score: 0.0011
----------------------------------------------------------------
isp: [[0, 1, 0, 0, 1], [0, 1, 1], [3, 7, 1, 0, 0], [1, 0, 15], [0, 2, 6], [2, 5], [0, 6, 1]]
tc: [[0, 0, 0, 0, 0], [0, 0, 0], [0, 0, 0, 0, 0], [0, 0, 2], [0, 0, 1], [0, 1], [1, 0, 0]]
score: 100.0011
----------------------------------------------------------------
isp: [[0, 1, 0, 0, 1], [0, 1, 1], [3, 7, 1, 0, 0], [1, 0, 15], [0, 2, 6], [2, 5], [0, 6, 1]]
tc: [[0, 0, 0, 0, 0], [0, 0, 0], [0, 0, 0, 0, 0], [0, 0, 0], [0, 0, 0], [0, 1], [0, 1, 0]]
score: 0.0011
----------------------------------------------------------------
isp: [[0, 1, 0, 0, 1], [0, 1, 1], [3, 7, 1, 0, 0], [1, 0, 15], [0, 2, 6], [2, 5], [0, 6, 1]]
tc: [[0, 0, 0, 0, 0], [0, 0, 0], [0, 0, 0, 0, 0], [0, 0, 0], [0, 0, 0], [0, 1], [0, 1, 0]]
score: 0.0011
----------------------------------------------------------------
isp: [[0, 1, 0, 0, 1], [0, 1, 1], [3, 7, 1, 0, 0], [1, 0, 15], [0, 2, 6], [2, 5], [0, 6, 1]]
tc: [[0, 0, 0, 0, 0], [0, 0, 0], [0, 1, 0, 0, 0], [0, 0, 2], [0, 0, 0], [0, 1], [0, 0, 1]]
score: 10.00101
----------------------------------------------------------------
isp: [[0, 1, 0, 0, 1], [0, 1, 1], [3, 7, 1, 0, 0], [1, 0, 15], [0, 2, 6], [2, 5], [0, 6, 1]]
tc: [[0, 0, 0, 0, 0], [0, 0, 0], [0, 0, 0, 0, 0], [0, 0, 1], [0, 0, 1], [0, 1], [0, 1, 0]]
score: 0.0011999999
----------------------------------------------------------------
isp: [[0, 1, 0, 0, 1], [0, 1, 1], [3, 7, 1, 0, 0], [1, 0, 15], [0, 2, 6], [2, 5], [0, 6, 1]]
tc: [[0, 0, 0, 0, 0], [0, 0, 0], [0, 0, 0, 0, 0], [0, 0, 4], [0, 0, 2], [0, 1], [0, 1, 0]]
score: 0.00121
----------------------------------------------------------------
isp: [[0, 1, 0, 0, 1], [0, 1, 1], [3, 7, 1, 0, 0], [1, 0, 15], [0, 2, 6], [2, 5], [0, 6, 1]]
tc: [[0, 0, 0, 0, 0], [0, 0, 0], [1, 0, 0, 0, 0], [0, 0, 1], [0, 0, 1], [0, 1], [0, 1, 0]]
score: 0.10120001
----------------------------------------------------------------
isp: [[0, 1, 0, 0, 1], [0, 1, 1], [3, 7, 1, 0, 0], [1, 0, 15], [0, 2, 6], [2, 5], [0, 6, 1]]
tc: [[0, 0, 0, 0, 0], [0, 0, 0], [0, 0, 0, 0, 0], [0, 0, 0], [0, 0, 0], [0, 1], [0, 1, 0]]
score: 0.0011
----------------------------------------------------------------
isp: [[0, 1, 0, 0, 1], [0, 1, 1], [3, 7, 1, 0, 0], [1, 0, 15], [0, 2, 6], [2, 5], [0, 6, 1]]
tc: [[0, 0, 0, 0, 0], [0, 0, 0], [0, 0, 0, 0, 0], [0, 0, 0], [0, 0, 0], [0, 1], [0, 1, 0]]
score: 0.0011

