----------------------------------------------------------------
isp: [[0, 1, 0, 0, 1], [0, 1, 1], [3, 7, 1, 0, 0], [1, 0, 17], [0, 2, 7], [2, 6], [1, 6, 1]]
tc: [[0, 0, 0, 0, 0], [0, 0, 0], [0, 0, 0, 0, 0], [0, 0, 2], [0, 0, 2], [0, 1], [1, 0, 0]]
score: 10.000111
----------------------------------------------------------------
isp: [[0, 1, 0, 0, 1], [0, 1, 1], [3, 7, 1, 0, 0], [1, 0, 17], [0, 2, 7], [2, 6], [1, 6, 1]]
tc: [[0, 0, 0, 0, 0], [0, 0, 0], [0, 0, 0, 0, 0], [0, 0, 0], [0, 0, 0], [0, 1], [0, 1, 0]]
score: 2.0E-4
----------------------------------------------------------------
isp: [[0, 1, 0, 0, 1], [0, 1, 1], [3, 7, 1, 0, 0], [1, 0, 17], [0, 2, 7], [2, 6], [1, 6, 1]]
tc: [[0, 0, 0, 0, 0], [0, 0, 0], [0, 0, 0, 0, 0], [0, 0, 1], [0, 0, 0], [1, 0], [0, 1, 0]]
score: 1.0001
----------------------------------------------------------------
isp: [[0, 1, 0, 0, 1], [0, 1, 1], [3, 7, 1, 0, 0], [1, 0, 17], [0, 2, 7], [2, 6], [1, 6, 1]]
tc: [[0, 1, 0, 0, 0], [0, 0, 1], [0, 0, 0, 0, 0], [0, 0, 2], [0, 0, 1], [0, 1], [0, 1, 0]]
score: 20.000208
----------------------------------------------------------------
isp: [[0, 1, 0, 0, 1], [0, 1, 1], [3, 7, 1, 0, 0], [1, 0, 17], [0, 2, 7], [2, 6], [1, 6, 1]]
tc: [[0, 0, 0, 0, 0], [0, 0, 0], [0, 0, 0, 0, 0], [0, 0, 0], [0, 0, 0], [0, 1], [0, 1, 0]]
score: 2.0E-4
----------------------------------------------------------------
isp: [[0, 1, 0, 0, 1], [0, 1, 1], [3, 7, 1, 0, 0], [1, 0, 17], [0, 2, 7], [2, 6], [1, 6, 1]]
tc: [[0, 0, 0, 0, 0], [0, 0, 0], [0, 0, 0, 0, 0], [0, 0, 0], [0, 0, 0], [0, 1], [0, 1, 0]]
score: 2.0E-4
----------------------------------------------------------------
isp: [[0, 1, 0, 0, 1], [0, 1, 1], [3, 7, 1, 0, 0], [1, 0, 17], [0, 2, 7], [2, 6], [1, 6, 1]]
tc: [[0, 0, 0, 0, 0], [0, 0, 0], [1, 0, 0, 0, 0], [0, 0, 3], [0, 0, 2], [0, 1], [1, 0, 0]]
score: 10.100111
----------------------------------------------------------------
isp: [[0, 1, 0, 0, 1], [0, 1, 1], [3, 7, 1, 0, 0], [1, 0, 17], [0, 2, 7], [2, 6], [1, 6, 1]]
tc: [[0, 0, 0, 0, 0], [0, 0, 0], [0, 0, 0, 0, 0], [0, 0, 0], [0, 0, 0], [0, 1], [0, 1, 0]]
score: 2.0E-4
----------------------------------------------------------------
isp: [[0, 1, 0, 0, 1], [0, 1, 1], [3, 7, 1, 0, 0], [1, 0, 17], [0, 2, 7], [2, 6], [1, 6, 1]]
tc: [[0, 0, 0, 0, 0], [0, 0, 0], [0, 0, 0, 0, 0], [0, 0, 3], [0, 0, 1], [0, 1], [0, 1, 0]]
score: 2.1E-4
----------------------------------------------------------------
isp: [[0, 1, 0, 0, 1], [0, 1, 1], [3, 7, 1, 0, 0], [1, 0, 17], [0, 2, 7], [2, 6], [1, 6, 1]]
tc: [[0, 0, 0, 0, 0], [0, 0, 0], [0, 0, 0, 0, 0], [0, 0, 1], [0, 0, 0], [0, 1], [0, 1, 0]]
score: 2.0E-4

