----------------------------------------------------------------
isp: [[0, 2, 0, 0, 1], [0, 1, 2], [3, 7, 1, 0, 0], [1, 0, 19], [0, 2, 8], [2, 7], [1, 7, 1]]
tc: [[0, 0, 0, 0, 0], [0, 0, 0], [0, 0, 0, 0, 0], [0, 0, 0], [0, 0, 0], [0, 1], [0, 1, 0]]
score: 2.0E-5
----------------------------------------------------------------
isp: [[0, 2, 0, 0, 1], [0, 1, 2], [3, 7, 1, 0, 0], [1, 0, 19], [0, 2, 8], [2, 7], [1, 7, 1]]
tc: [[0, 0, 0, 0, 0], [0, 0, 0], [0, 0, 0, 0, 0], [0, 0, 1], [0, 0, 1], [0, 1], [0, 1, 0]]
score: 2.1E-5
----------------------------------------------------------------
isp: [[0, 2, 0, 0, 1], [0, 1, 2], [3, 7, 1, 0, 0], [1, 0, 19], [0, 2, 8], [2, 7], [1, 7, 1]]
tc: [[0, 0, 0, 0, 0], [0, 0, 0], [0, 0, 0, 0, 0], [0, 0, 4], [0, 0, 2], [0, 1], [0, 1, 0]]
score: 2.11E-5
----------------------------------------------------------------
isp: [[0, 2, 0, 0, 1], [0, 1, 2], [3, 7, 1, 0, 0], [1, 0, 19], [0, 2, 8], [2, 7], [1, 7, 1]]
tc: [[0, 0, 0, 0, 0], [0, 0, 0], [0, 0, 0, 0, 0], [0, 0, 0], [0, 0, 0], [0, 1], [0, 1, 0]]
score: 2.0E-5
----------------------------------------------------------------
isp: [[0, 2, 0, 0, 1], [0, 1, 2], [3, 7, 1, 0, 0], [1, 0, 19], [0, 2, 8], [2, 7], [1, 7, 1]]
tc: [[0, 0, 0, 0, 0], [0, 0, 0], [0, 3, 0, 0, 0], [0, 0, 3], [0, 0, 1], [0, 1], [0, 1, 0]]
score: 3.21E-5
----------------------------------------------------------------
isp: [[0, 2, 0, 0, 1], [0, 1, 2], [3, 7, 1, 0, 0], [1, 0, 19], [0, 2, 8], [2, 7], [1, 7, 1]]
tc: [[0, 0, 0, 0, 0], [0, 0, 0], [0, 2, 0, 0, 0], [0, 0, 1], [0, 0, 1], [0, 1], [0, 1, 0]]
score: 3.2E-5
----------------------------------------------------------------
isp: [[0, 2, 0, 0, 1], [0, 1, 2], [3, 7, 1, 0, 0], [1, 0, 19], [0, 2, 8], [2, 7], [1, 7, 1]]
tc: [[0, 0, 0, 0, 0], [0, 0, 0], [0, 0, 0, 0, 0], [0, 0, 0], [0, 0, 0], [0, 1], [0, 1, 0]]
score: 2.0E-5
----------------------------------------------------------------
isp: [[0, 2, 0, 0, 1], [0, 1, 2], [3, 7, 1, 0, 0], [1, 0, 19], [0, 2, 8], [2, 7], [1, 7, 1]]
tc: [[0, 0, 0, 0, 0], [0, 0, 0], [0, 0, 0, 0, 0], [0, 0, 0], [0, 0, 0], [0, 1], [0, 1, 0]]
score: 2.0E-5
----------------------------------------------------------------
isp: [[0, 2, 0, 0, 1], [0, 1, 2], [3, 7, 1, 0, 0], [1, 0, 19], [0, 2, 8], [2, 7], [1, 7, 1]]
tc: [[0, 0, 0, 0, 0], [0, 0, 0], [1, 1, 0, 0, 0], [0, 0, 3], [0, 0, 2], [0, 1], [1, 0, 0]]
score: 10.100021
----------------------------------------------------------------
isp: [[0, 2, 0, 0, 1], [0, 1, 2], [3, 7, 1, 0, 0], [1, 0, 19], [0, 2, 8], [2, 7], [1, 7, 1]]
tc: [[0, 0, 0, 0, 0], [0, 0, 0], [0, 0, 0, 0, 0], [0, 0, 2], [0, 0, 0], [0, 1], [0, 1, 0]]
score: 2.0E-5

