----------------------------------------------------------------
isp: [[0, 1, 0, 0, 0], [0, 0, 1], [3, 2, 1, 0, 0], [1, 0, 2], [0, 0, 0], [0, 2], [0, 2, 0]]
tc: [[0, 0, 0, 0, 0], [0, 0, 0], [0, 0, 0, 0, 0], [0, 0, 0], [0, 0, 0], [0, 1], [0, 1, 0]]
score: 2.0
----------------------------------------------------------------
isp: [[0, 1, 0, 0, 0], [0, 0, 1], [3, 2, 1, 0, 0], [1, 0, 2], [0, 0, 0], [0, 2], [0, 2, 0]]
tc: [[0, 0, 0, 0, 0], [0, 0, 0], [0, 0, 0, 0, 0], [0, 0, 0], [0, 0, 0], [0, 1], [0, 1, 0]]
score: 2.0
----------------------------------------------------------------
isp: [[0, 1, 0, 0, 0], [0, 0, 1], [3, 2, 1, 0, 0], [1, 0, 2], [0, 0, 0], [0, 2], [0, 2, 0]]
tc: [[0, 0, 0, 0, 0], [0, 0, 0], [0, 0, 0, 0, 0], [0, 0, 1], [0, 0, 0], [0, 1], [0, 1, 0]]
score: 3.0
----------------------------------------------------------------
isp: [[0, 1, 0, 0, 0], [0, 0, 1], [3, 2, 1, 0, 0], [1, 0, 2], [0, 0, 0], [0, 2], [0, 2, 0]]
tc: [[0, 0, 0, 0, 0], [0, 0, 0], [0, 2, 0, 0, 0], [0, 0, 2], [0, 0, 0], [1, 0], [0, 1, 0]]
score: 103.2
----------------------------------------------------------------
isp: [[0, 1, 0, 0, 0], [0, 0, 1], [3, 2, 1, 0, 0], [1, 0, 2], [0, 0, 0], [0, 2], [0, 2, 0]]
tc: [[0, 0, 0, 0, 0], [0, 0, 0], [1, 0, 0, 0, 0], [0, 0, 3], [0, 0, 2], [0, 1], [1, 0, 0]]
score: 212.20999
----------------------------------------------------------------
isp: [[0, 1, 0, 0, 0], [0, 0, 1], [3, 2, 1, 0, 0], [1, 0, 2], [0, 0, 0], [0, 2], [0, 2, 0]]
tc: [[0, 0, 0, 0, 0], [0, 0, 0], [2, 0, 0, 0, 0], [0, 0, 1], [0, 0, 1], [0, 1], [0, 1, 0]]
score: 103.11
----------------------------------------------------------------
isp: [[0, 1, 0, 0, 0], [0, 0, 1], [3, 2, 1, 0, 0], [1, 0, 2], [0, 0, 0], [0, 2], [0, 2, 0]]
tc: [[0, 0, 0, 0, 0], [0, 0, 0], [0, 0, 0, 0, 0], [0, 0, 1], [0, 0, 1], [0, 1], [0, 1, 0]]
score: 103.0
----------------------------------------------------------------
isp: [[0, 1, 0, 0, 0], [0, 0, 1], [3, 2, 1, 0, 0], [1, 0, 2], [0, 0, 0], [0, 2], [0, 2, 0]]
tc: [[0, 0, 0, 0, 0], [0, 0, 0], [0, 0, 0, 0, 0], [0, 0, 0], [0, 0, 0], [0, 1], [0, 1, 0]]
score: 2.0
----------------------------------------------------------------
isp: [[0, 1, 0, 0, 0], [0, 0, 1], [3, 2, 1, 0, 0], [1, 0, 2], [0, 0, 0], [0, 2], [0, 2, 0]]
tc: [[0, 0, 0, 0, 0], [0, 0, 0], [0, 2, 0, 0, 0], [0, 0, 1], [0, 0, 0], [0, 1], [0, 1, 0]]
score: 4.1
----------------------------------------------------------------
isp: [[0, 1, 0, 0, 0], [0, 0, 1], [3, 2, 1, 0, 0], [1, 0, 2], [0, 0, 0], [0, 2], [0, 2, 0]]
tc: [[0, 1, 0, 0, 0], [0, 0, 1], [0, 0, 0, 0, 0], [0, 0, 2], [0, 0, 0], [0, 1], [0, 1, 0]]
score: 23.1

