----------------------------------------------------------------
isp: [[0, 1, 0, 0, 0], [0, 0, 1], [4, 2, 1, 0, 0], [1, 0, 5], [0, 0, 2], [0, 3], [1, 2, 0]]
tc: [[0, 0, 0, 0, 0], [0, 0, 0], [0, 0, 0, 0, 0], [0, 0, 1], [0, 0, 1], [0, 1], [0, 1, 0]]
score: 2.101
----------------------------------------------------------------
isp: [[0, 1, 0, 0, 0], [0, 0, 1], [4, 2, 1, 0, 0], [1, 0, 5], [0, 0, 2], [0, 3], [1, 2, 0]]
tc: [[0, 0, 0, 0, 0], [0, 0, 0], [0, 0, 0, 0, 0], [0, 0, 1], [0, 0, 1], [0, 1], [0, 1, 0]]
score: 2.101
----------------------------------------------------------------
isp: [[0, 1, 0, 0, 0], [0, 0, 1], [4, 2, 1, 0, 0], [1, 0, 5], [0, 0, 2], [0, 3], [1, 2, 0]]
tc: [[0, 0, 0, 0, 0], [0, 0, 0], [0, 0, 0, 0, 0], [0, 0, 1], [0, 0, 0], [0, 1], [0, 1, 0]]
score: 1.101
----------------------------------------------------------------
isp: [[0, 1, 0, 0, 0], [0, 0, 1], [4, 2, 1, 0, 0], [1, 0, 5], [0, 0, 2], [0, 3], [1, 2, 0]]
tc: [[0, 0, 0, 0, 0], [0, 0, 0], [0, 0, 0, 0, 0], [0, 0, 0], [0, 0, 0], [0, 1], [0, 1, 0]]
score: 1.1
----------------------------------------------------------------
isp: [[0, 1, 0, 0, 0], [0, 0, 1], [4, 2, 1, 0, 0], [1, 0, 5], [0, 0, 2], [0, 3], [1, 2, 0]]
tc: [[0, 0, 0, 0, 0], [0, 0, 0], [0, 1, 0, 0, 0], [0, 0, 1], [0, 0, 1], [0, 1], [0, 1, 0]]
score: 3.1009998
----------------------------------------------------------------
isp: [[0, 1, 0, 0, 0], [0, 0, 1], [4, 2, 1, 0, 0], [1, 0, 5], [0, 0, 2], [0, 3], [1, 2, 0]]
tc: [[0, 0, 0, 0, 0], [0, 0, 0], [0, 0, 0, 0, 0], [0, 0, 2], [0, 0, 0], [0, 1], [0, 1, 0]]
score: 1.1011
----------------------------------------------------------------
isp: [[0, 1, 0, 0, 0], [0, 0, 1], [4, 2, 1, 0, 0], [1, 0, 5], [0, 0, 2], [0, 3], [1, 2, 0]]
tc: [[0, 0, 1, 0, 0], [0, 1, 0], [0, 0, 0, 0, 0], [0, 0, 2], [0, 0, 1], [0, 1], [0, 1, 0]]
score: 202.1011
----------------------------------------------------------------
isp: [[0, 1, 0, 0, 0], [0, 0, 1], [4, 2, 1, 0, 0], [1, 0, 5], [0, 0, 2], [0, 3], [1, 2, 0]]
tc: [[0, 0, 0, 0, 0], [0, 0, 0], [0, 0, 0, 0, 0], [0, 0, 0], [0, 0, 0], [0, 1], [0, 1, 0]]
score: 1.1
----------------------------------------------------------------
isp: [[0, 1, 0, 0, 0], [0, 0, 1], [4, 2, 1, 0, 0], [1, 0, 5], [0, 0, 2], [0, 3], [1, 2, 0]]
tc: [[0, 0, 0, 0, 0], [0, 0, 0], [0, 0, 0, 0, 0], [0, 0, 3], [0, 0, 2], [0, 1], [0, 1, 0]]
score: 2.20111
----------------------------------------------------------------
isp: [[0, 1, 0, 0, 0], [0, 0, 1], [4, 2, 1, 0, 0], [1, 0, 5], [0, 0, 2], [0, 3], [1, 2, 0]]
tc: [[0, 0, 0, 0, 0], [0, 0, 0], [0, 0, 0, 0, 0], [0, 0, 0], [0, 0, 0], [0, 1], [0, 1, 0]]
score: 1.1

