----------------------------------------------------------------
isp: [[0, 1, 1, 0, 0], [0, 1, 1], [4, 2, 1, 0, 0], [1, 0, 7], [0, 0, 3], [0, 4], [1, 3, 0]]
tc: [[0, 0, 0, 0, 0], [0, 0, 0], [0, 0, 0, 0, 0], [0, 0, 0], [0, 0, 0], [0, 1], [0, 1, 0]]
score: 0.11
----------------------------------------------------------------
isp: [[0, 1, 1, 0, 0], [0, 1, 1], [4, 2, 1, 0, 0], [1, 0, 7], [0, 0, 3], [0, 4], [1, 3, 0]]
tc: [[0, 0, 0, 0, 0], [0, 0, 0], [0, 0, 0, 0, 0], [0, 0, 0], [0, 0, 0], [0, 1], [0, 1, 0]]
score: 0.11
----------------------------------------------------------------
isp: [[0, 1, 1, 0, 0], [0, 1, 1], [4, 2, 1, 0, 0], [1, 0, 7], [0, 0, 3], [0, 4], [1, 3, 0]]
tc: [[0, 0, 0, 0, 0], [0, 0, 0], [0, 1, 0, 0, 0], [0, 0, 3], [0, 0, 2], [0, 1], [1, 0, 0]]
score: 11.120011
----------------------------------------------------------------
isp: [[0, 1, 1, 0, 0], [0, 1, 1], [4, 2, 1, 0, 0], [1, 0, 7], [0, 0, 3], [0, 4], [1, 3, 0]]
tc: [[0, 0, 0, 0, 0], [0, 0, 0], [1, 0, 0, 0, 0], [0, 0, 1], [0, 0, 0], [0, 1], [0, 1, 0]]
score: 0.12001
----------------------------------------------------------------
isp: [[0, 1, 1, 0, 0], [0, 1, 1], [4, 2, 1, 0, 0], [1, 0, 7], [0, 0, 3], [0, 4], [1, 3, 0]]
tc: [[0, 0, 0, 0, 0], [0, 0, 0], [0, 0, 0, 0, 0], [0, 0, 0], [0, 0, 0], [0, 1], [0, 1, 0]]
score: 0.11
----------------------------------------------------------------
isp: [[0, 1, 1, 0, 0], [0, 1, 1], [4, 2, 1, 0, 0], [1, 0, 7], [0, 0, 3], [0, 4], [1, 3, 0]]
tc: [[0, 0, 0, 0, 0], [0, 0, 0], [0, 0, 0, 0, 0], [0, 0, 2], [0, 0, 2], [0, 1], [0, 1, 0]]
score: 0.220011
----------------------------------------------------------------
isp: [[0, 1, 1, 0, 0], [0, 1, 1], [4, 2, 1, 0, 0], [1, 0, 7], [0, 0, 3], [0, 4], [1, 3, 0]]
tc: [[0, 0, 0, 0, 0], [0, 0, 0], [0, 1, 0, 0, 0], [0, 0, 2], [0, 0, 0], [0, 1], [0, 1, 0]]
score: 1.110011
----------------------------------------------------------------
isp: [[0, 1, 1, 0, 0], [0, 1, 1], [4, 2, 1, 0, 0], [1, 0, 7], [0, 0, 3], [0, 4], [1, 3, 0]]
tc: [[0, 0, 0, 0, 0], [0, 0, 0], [0, 0, 0, 0, 0], [0, 0, 0], [0, 0, 0], [0, 1], [0, 1, 0]]
score: 0.11
----------------------------------------------------------------
isp: [[0, 1, 1, 0, 0], [0, 1, 1], [4, 2, 1, 0, 0], [1, 0, 7], [0, 0, 3], [0, 4], [1, 3, 0]]
tc: [[1, 0, 0, 0, 0], [0, 1, 0], [0, 0, 0, 0, 0], [0, 0, 2], [0, 0, 0], [0, 1], [0, 1, 0]]
score: 110.11001
----------------------------------------------------------------
isp: [[0, 1, 1, 0, 0], [0, 1, 1], [4, 2, 1, 0, 0], [1, 0, 7], [0, 0, 3], [0, 4], [1, 3, 0]]
tc: [[0, 0, 0, 0, 0], [0, 0, 0], [0, 0, 0, 0, 0], [0, 0, 2], [0, 0, 1], [0, 1], [1, 0, 0]]
score: 10.110011

