----------------------------------------------------------------
isp: [[1, 1, 1, 0, 0], [0, 2, 1], [4, 2, 1, 0, 0], [1, 0, 9], [0, 0, 3], [0, 5], [1, 4, 0]]
tc: [[0, 0, 0, 0, 0], [0, 0, 0], [0, 0, 0, 0, 0], [0, 0, 1], [0, 0, 1], [0, 1], [0, 1, 0]]
score: 0.1110001
----------------------------------------------------------------
isp: [[1, 1, 1, 0, 0], [0, 2, 1], [4, 2, 1, 0, 0], [1, 0, 9], [0, 0, 3], [0, 5], [1, 4, 0]]
tc: [[0, 0, 0, 0, 0], [0, 0, 0], [0, 0, 0, 0, 0], [0, 0, 1], [0, 0, 0], [0, 1], [0, 1, 0]]
score: 0.0110001
----------------------------------------------------------------
isp: [[1, 1, 1, 0, 0], [0, 2, 1], [4, 2, 1, 0, 0], [1, 0, 9], [0, 0, 3], [0, 5], [1, 4, 0]]
tc: [[0, 0, 0, 0, 0], [0, 0, 0], [0, 0, 0, 0, 0], [0, 0, 2], [0, 0, 2], [0, 1], [0, 0, 1]]
score: 100.111
----------------------------------------------------------------
isp: [[1, 1, 1, 0, 0], [0, 2, 1], [4, 2, 1, 0, 0], [1, 0, 9], [0, 0, 3], [0, 5], [1, 4, 0]]
tc: [[0, 0, 0, 0, 0], [0, 0, 0], [0, 1, 0, 0, 0], [0, 0, 2], [0, 0, 0], [0, 1], [0, 1, 0]]
score: 1.0110002
----------------------------------------------------------------
isp: [[1, 1, 1, 0, 0], [0, 2, 1], [4, 2, 1, 0, 0], [1, 0, 9], [0, 0, 3], [0, 5], [1, 4, 0]]
tc: [[0, 0, 0, 0, 0], [0, 0, 0], [1, 0, 0, 0, 0], [0, 0, 3], [0, 0, 3], [0, 1], [1, 0, 0]]
score: 10.122
----------------------------------------------------------------
isp: [[1, 1, 1, 0, 0], [0, 2, 1], [4, 2, 1, 0, 0], [1, 0, 9], [0, 0, 3], [0, 5], [1, 4, 0]]
tc: [[0, 0, 0, 0, 0], [0, 0, 0], [0, 0, 0, 0, 0], [0, 0, 0], [0, 0, 0], [0, 1], [0, 1, 0]]
score: 0.011
----------------------------------------------------------------
isp: [[1, 1, 1, 0, 0], [0, 2, 1], [4, 2, 1, 0, 0], [1, 0, 9], [0, 0, 3], [0, 5], [1, 4, 0]]
tc: [[0, 0, 0, 0, 0], [0, 0, 0], [0, 0, 0, 0, 0], [0, 0, 3], [0, 0, 1], [1, 0], [1, 0, 0]]
score: 110.1
----------------------------------------------------------------
isp: [[1, 1, 1, 0, 0], [0, 2, 1], [4, 2, 1, 0, 0], [1, 0, 9], [0, 0, 3], [0, 5], [1, 4, 0]]
tc: [[0, 0, 0, 0, 0], [0, 0, 0], [0, 0, 0, 0, 0], [0, 0, 2], [0, 0, 0], [0, 1], [0, 1, 0]]
score: 0.01100011
----------------------------------------------------------------
isp: [[1, 1, 1, 0, 0], [0, 2, 1], [4, 2, 1, 0, 0], [1, 0, 9], [0, 0, 3], [0, 5], [1, 4, 0]]
tc: [[0, 0, 0, 0, 0], [0, 0, 0], [0, 0, 0, 0, 0], [0, 0, 1], [0, 0, 0], [0, 1], [0, 1, 0]]
score: 0.0110001
----------------------------------------------------------------
isp: [[1, 1, 1, 0, 0], [0, 2, 1], [4, 2, 1, 0, 0], [1, 0, 9], [0, 0, 3], [0, 5], [1, 4, 0]]
tc: [[0, 0, 0, 0, 0], [0, 0, 0], [0, 0, 0, 0, 0], [0, 0, 2], [0, 0, 1], [0, 1], [0, 1, 0]]
score: 0.11100011

