----------------------------------------------------------------
isp: [[0, 0, 0, 0, 0], [0, 0, 0], [2, 2, 0, 0, 0], [0, 0, 2], [0, 0, 2], [0, 1], [0, 1, 0]]
tc: [[0, 0, 0, 0, 0], [0, 0, 0], [0, 0, 0, 0, 0], [0, 0, 0], [0, 0, 0], [0, 1], [0, 1, 0]]
score: 20.0
----------------------------------------------------------------
isp: [[0, 0, 0, 0, 0], [0, 0, 0], [2, 2, 0, 0, 0], [0, 0, 2], [0, 0, 2], [0, 1], [0, 1, 0]]
tc: [[0, 0, 0, 0, 0], [0, 0, 0], [0, 0, 0, 0, 0], [0, 0, 3], [0, 0, 2], [0, 1], [1, 0, 0]]
score: 112.21
----------------------------------------------------------------
isp: [[0, 0, 0, 0, 0], [0, 0, 0], [2, 2, 0, 0, 0], [0, 0, 2], [0, 0, 2], [0, 1], [0, 1, 0]]
tc: [[0, 0, 0, 0, 0], [0, 0, 0], [0, 0, 0, 0, 0], [0, 0, 3], [0, 0, 2], [1, 0], [1, 0, 0]]
score: 202.20999
----------------------------------------------------------------
isp: [[0, 0, 0, 0, 0], [0, 0, 0], [2, 2, 0, 0, 0], [0, 0, 2], [0, 0, 2], [0, 1], [0, 1, 0]]
tc: [[0, 0, 0, 1, 0], [0, 0, 1], [0, 3, 0, 0, 0], [0, 0, 3], [0, 0, 3], [1, 0], [0, 1, 0]]
score: 313.33002
----------------------------------------------------------------
isp: [[0, 0, 0, 0, 0], [0, 0, 0], [2, 2, 0, 0, 0], [0, 0, 2], [0, 0, 2], [0, 1], [0, 1, 0]]
tc: [[0, 0, 0, 0, 0], [0, 0, 0], [0, 0, 0, 0, 0], [0, 0, 1], [0, 0, 0], [0, 1], [0, 1, 0]]
score: 21.0
----------------------------------------------------------------
isp: [[0, 0, 0, 0, 0], [0, 0, 0], [2, 2, 0, 0, 0], [0, 0, 2], [0, 0, 2], [0, 1], [0, 1, 0]]
tc: [[0, 0, 0, 0, 0], [0, 0, 0], [1, 0, 0, 0, 0], [0, 0, 1], [0, 0, 1], [0, 1], [0, 1, 0]]
score: 23.0
----------------------------------------------------------------
isp: [[0, 0, 0, 0, 0], [0, 0, 0], [2, 2, 0, 0, 0], [0, 0, 2], [0, 0, 2], [0, 1], [0, 1, 0]]
tc: [[0, 0, 0, 0, 0], [0, 0, 0], [0, 0, 0, 0, 0], [0, 0, 0], [0, 0, 0], [0, 1], [0, 1, 0]]
score: 20.0
----------------------------------------------------------------
isp: [[0, 0, 0, 0, 0], [0, 0, 0], [2, 2, 0, 0, 0], [0, 0, 2], [0, 0, 2], [0, 1], [0, 1, 0]]
tc: [[0, 0, 0, 0, 0], [0, 0, 0], [0, 0, 0, 0, 0], [0, 0, 1], [0, 0, 0], [0, 1], [0, 1, 0]]
score: 21.0
----------------------------------------------------------------
isp: [[0, 0, 0, 0, 0], [0, 0, 0], [2, 2, 0, 0, 0], [0, 0, 2], [0, 0, 2], [0, 1], [0, 1, 0]]
tc: [[0, 0, 0, 0, 0], [0, 0, 0], [0, 0, 0, 0, 0], [0, 0, 3], [0, 0, 2], [0, 1], [1, 0, 0]]
score: 112.21
----------------------------------------------------------------
isp: [[0, 0, 0, 0, 0], [0, 0, 0], [2, 2, 0, 0, 0], [0, 0, 2], [0, 0, 2], [0, 1], [0, 1, 0]]
tc: [[0, 0, 0, 0, 0], [0, 0, 0], [0, 0, 0, 0, 0], [0, 0, 1], [0, 0, 1], [1, 0], [0, 1, 0]]
score: 112.0

