----------------------------------------------------------------
isp: [[0, 1, 0, 0, 0], [0, 0, 1], [2, 2, 0, 0, 0], [0, 0, 5], [0, 0, 1], [0, 2], [0, 2, 0]]
tc: [[0, 0, 0, 0, 0], [0, 0, 0], [1, 0, 0, 0, 0], [0, 0, 2], [0, 0, 0], [1, 0], [0, 1, 0]]
score: 102.0011
----------------------------------------------------------------
isp: [[0, 1, 0, 0, 0], [0, 0, 1], [2, 2, 0, 0, 0], [0, 0, 5], [0, 0, 1], [0, 2], [0, 2, 0]]
tc: [[0, 0, 0, 0, 0], [0, 0, 0], [0, 0, 0, 0, 0], [0, 0, 2], [0, 0, 1], [0, 1], [0, 1, 0]]
score: 12.0011
----------------------------------------------------------------
isp: [[0, 1, 0, 0, 0], [0, 0, 1], [2, 2, 0, 0, 0], [0, 0, 5], [0, 0, 1], [0, 2], [0, 2, 0]]
tc: [[0, 0, 0, 0, 0], [0, 0, 0], [0, 0, 0, 0, 0], [0, 0, 0], [0, 0, 0], [0, 1], [0, 1, 0]]
score: 2.0
----------------------------------------------------------------
isp: [[0, 1, 0, 0, 0], [0, 0, 1], [2, 2, 0, 0, 0], [0, 0, 5], [0, 0, 1], [0, 2], [0, 2, 0]]
tc: [[0, 0, 0, 0, 0], [0, 0, 0], [0, 0, 0, 0, 0], [0, 0, 1], [0, 0, 0], [1, 0], [0, 1, 0]]
score: 101.001
----------------------------------------------------------------
isp: [[0, 1, 0, 0, 0], [0, 0, 1], [2, 2, 0, 0, 0], [0, 0, 5], [0, 0, 1], [0, 2], [0, 2, 0]]
tc: [[0, 0, 0, 0, 0], [0, 0, 0], [0, 0, 0, 0, 0], [0, 0, 0], [0, 0, 0], [0, 1], [0, 1, 0]]
score: 2.0
----------------------------------------------------------------
isp: [[0, 1, 0, 0, 0], [0, 0, 1], [2, 2, 0, 0, 0], [0, 0, 5], [0, 0, 1], [0, 2], [0, 2, 0]]
tc: [[0, 0, 0, 0, 0], [0, 0, 0], [0, 1, 0, 0, 0], [0, 0, 2], [0, 0, 1], [0, 1], [0, 1, 0]]
score: 13.0011
----------------------------------------------------------------
isp: [[0, 1, 0, 0, 0], [0, 0, 1], [2, 2, 0, 0, 0], [0, 0, 5], [0, 0, 1], [0, 2], [0, 2, 0]]
tc: [[0, 0, 0, 0, 0], [0, 0, 0], [0, 0, 0, 0, 0], [0, 0, 3], [0, 0, 1], [0, 1], [0, 1, 0]]
score: 12.00111
----------------------------------------------------------------
isp: [[0, 1, 0, 0, 0], [0, 0, 1], [2, 2, 0, 0, 0], [0, 0, 5], [0, 0, 1], [0, 2], [0, 2, 0]]
tc: [[0, 0, 0, 0, 0], [0, 0, 0], [0, 0, 0, 0, 0], [0, 0, 1], [0, 0, 0], [0, 1], [0, 1, 0]]
score: 2.001
----------------------------------------------------------------
isp: [[0, 1, 0, 0, 0], [0, 0, 1], [2, 2, 0, 0, 0], [0, 0, 5], [0, 0, 1], [0, 2], [0, 2, 0]]
tc: [[0, 0, 0, 0, 0], [0, 0, 0], [0, 0, 0, 0, 0], [0, 0, 0], [0, 0, 0], [0, 1], [0, 1, 0]]
score: 2.0
----------------------------------------------------------------
isp: [[0, 1, 0, 0, 0], [0, 0, 1], [2, 2, 0, 0, 0], [0, 0, 5], [0, 0, 1], [0, 2], [0, 2, 0]]
tc: [[0, 0, 0, 0, 0], [0, 0, 0], [0, 0, 0, 0, 0], [0, 0, 0], [0, 0, 0], [0, 1], [0, 1, 0]]
score: 2.0

